-9.35252	1.16	-0.14	-0.56	-0.04	-0.62	0.58	1.26	-0.88	-0.76
-8.0376	2.36	-4.16	0.38	1.86	-1.5	1.0	0.42	-4.04	1.48
-1.0724	-0.44	-4.96	-0.4	3.94	-0.54	0.42	0.86	-1.26	0.28
-0.025000000000000005	-0.44	-4.62	0.08	0.82	-2.14	0.0	-0.06	0.76	1.8
-0.17515999999999998	1.14	-5.66	0.44	5.38	-1.88	0.02	-0.04	1.06	-2.08
-0.20240000000000002	1.92	-5.06	0.18	8.58	-7.24	0.6	-0.52	0.74	1.06
-0.54336	1.76	-7.46	1.3	5.32	-4.82	2.48	0.72	0.34	-0.18
-0.19932000000000002	1.74	-8.4	1.0	8.6	-4.26	7.52	2.34	-0.26	-0.52
-0.0368	1.24	-7.56	0.52	7.62	0.84	6.72	4.68	-0.44	-0.78
-0.00932	1.58	-7.72	1.34	5.92	0.88	4.4	5.68	-2.28	-1.4
-0.36519999999999997	-2.3	-8.48	2.06	6.34	2.76	4.46	5.02	-1.52	0.62
-0.15808	-2.5	-7.7	2.46	9.36	3.36	7.88	4.24	-0.02	0.84
-0.18104000000000003	-0.76	-6.94	3.04	9.32	4.84	8.78	5.08	-0.88	-1.44
-0.8567199999999999	-1.16	-5.86	3.2	10.36	3.5	6.34	1.54	-1.44	0.14
-0.27112	1.36	-8.18	3.82	7.76	2.92	13.34	3.22	9.08	0.0
0.0	-1.66	-7.52	1.08	6.52	3.02	14.02	1.46	28.48	-0.24
-0.41111999999999993	-1.44	-6.84	1.92	7.9	2.4	10.46	-3.04	38.56	0.32
-0.2614	-1.28	-9.48	4.76	7.42	0.44	11.24	-3.32	35.36	2.62
0.0	-0.32	-8.24	3.92	11.34	-1.96	18.58	-2.66	50.92	3.18
-0.39775999999999995	3.42	-8.72	3.9	8.14	-19.78	19.98	-2.12	51.44	-0.12
-0.36628	0.66	-8.36	2.9	13.4	-59.04	19.04	-0.46	47.94	0.34
-0.19224000000000005	1.92	-8.56	2.0	16.3	-56.68	18.22	12.08	50.46	1.24
0.0	-0.28	-9.86	2.92	14.02	-51.82	21.28	11.48	49.36	1.72
0.0	3.06	-12.66	4.76	15.14	-72.54	21.74	11.94	47.58	-5.22
0.0	2.0	-10.38	7.22	17.06	-74.92	22.02	13.7	45.62	-4.5
0.0	2.08	-9.98	6.2	28.84	-74.06	22.2	15.84	45.36	-3.16
0.0	3.56	-9.9	3.94	30.72	-78.64	23.54	15.22	42.72	-4.42
0.0	2.38	-8.58	-1.94	13.0	-70.28	26.54	13.22	23.26	-3.38
-0.053680000000000005	2.14	-9.0	4.0	11.68	-77.46	26.94	15.34	45.08	-2.2
-0.010360000000000001	4.22	-9.64	5.44	11.68	-54.56	24.32	24.18	44.2	-8.94
-0.406	3.72	-7.22	3.98	14.48	-60.14	23.54	27.36	43.76	-8.98
-0.20020000000000004	4.16	-10.28	3.42	12.6	-79.06	24.84	12.2	43.36	-4.4
0.0	2.08	-9.6	2.76	11.88	-79.4	24.86	13.76	44.46	-2.86
-0.16380000000000003	1.24	-8.02	4.04	13.84	-83.92	22.78	19.08	44.42	-1.34
-0.15122000000000002	3.32	-4.08	2.5	14.94	-83.42	23.52	18.24	43.92	1.18
-0.54174	3.04	-6.54	1.4	13.32	-101.6	26.42	10.3	43.48	6.62
-0.23136000000000004	8.2	-7.02	1.72	15.9	-102.34	22.72	9.2	42.3	10.46
-0.27148	7.48	-6.96	1.4	15.92	-101.02	22.7	7.54	41.22	22.7
-0.15264	-8.76	-6.62	2.26	16.52	-103.46	22.88	7.88	38.48	21.74
-0.27452	6.92	-8.18	0.02	19.54	-101.56	22.02	7.94	18.08	10.42
0.0	6.52	-7.8	0.8	18.3	-101.58	20.28	7.4	43.06	11.5
-0.10248000000000002	-7.6	-8.8	-0.42	21.6	-101.16	20.32	10.38	36.2	21.38
-0.17496000000000003	-9.2	-6.6	-14.88	18.8	-101.44	19.82	24.6	36.06	43.0
-0.49228	5.5	-8.14	-1.82	17.78	-98.44	19.52	12.96	36.9	43.3
-0.028000000000000004	1.16	-6.52	-0.16	17.9	-101.24	17.56	13.1	35.34	53.9
-0.09988	-0.74	-6.36	-2.08	15.4	-97.04	17.86	8.2	35.44	57.42
-0.2002	-2.52	-6.16	-2.46	15.3	-92.2	17.54	7.36	36.9	58.54
-0.26608000000000004	0.1	-6.3	-1.98	9.52	-35.26	19.22	8.38	34.34	58.06
-0.46204	1.94	-6.26	-2.68	2.16	-72.14	18.88	8.7	36.64	56.7
-0.11776	2.06	-7.16	-3.24	0.54	-71.9	18.26	8.32	36.54	57.46
-0.15748000000000004	2.84	-3.24	-3.26	2.54	-39.24	21.3	9.5	38.88	47.02
-0.6601600000000001	1.42	-5.04	-3.0	0.12	-72.1	17.72	10.28	41.3	58.18
-0.7744399999999999	2.78	-7.12	-6.88	1.74	-71.48	18.2	8.34	39.46	52.72
-0.30846	1.86	-5.62	-6.74	-2.46	-73.14	19.54	13.56	25.08	49.18
-0.37924	0.2	-4.82	-3.82	-3.32	-73.1	17.8	11.6	40.26	53.98
-0.91008	-3.02	-6.14	-2.02	-8.14	-104.26	20.74	11.08	38.1	59.88
-0.5228400000000001	-1.32	-4.1	-1.86	-6.64	-100.76	23.96	15.34	39.82	60.48
-0.8706	1.82	-7.22	-2.16	-9.58	-104.3	23.66	16.6	40.88	61.72
0.0	-0.4	-6.1	0.36	-2.88	-104.3	19.6	13.78	39.2	61.98
-0.24472000000000002	-2.78	-5.28	-0.48	-1.76	-104.06	16.68	13.78	40.94	63.76
-0.94884	-0.76	-9.02	1.72	-2.7	-100.84	12.12	12.68	40.82	64.16
-0.27912	-5.84	-9.38	5.3	-0.54	-105.64	16.48	13.06	40.82	60.68
0.0	-3.06	-11.36	2.8	0.42	-106.0	11.46	10.68	39.56	62.8
-0.010999999999999996	-2.36	-10.6	1.58	1.82	-107.94	13.8	9.48	36.08	60.54
-0.0424	-3.0	-11.2	1.92	0.92	-103.06	10.66	9.74	38.84	40.4
-0.20136000000000004	-0.34	-8.58	1.58	-3.38	-85.78	11.62	6.3	34.04	40.96
-0.44604000000000005	3.8	-8.32	-0.94	-4.8	-41.46	13.32	8.84	41.74	60.98
0.0093	3.44	-7.88	-0.2	-4.3	-38.54	13.74	10.3	40.24	58.94
-0.52324	5.02	-9.64	1.3	-9.98	-6.06	9.32	8.78	38.5	59.7
-0.19277999999999998	3.7	-6.5	0.38	-7.66	-45.38	11.18	8.54	38.72	60.66
-0.79128	11.36	-10.82	2.28	-14.82	-9.3	3.86	7.46	31.94	59.58
-0.18359999999999999	10.44	-14.72	2.86	-12.04	-9.92	3.82	0.94	33.08	57.4
0.0	11.98	-10.56	5.74	-10.48	-27.1	0.98	2.3	33.36	57.92
-0.18600000000000003	9.84	-11.64	5.78	-9.88	-45.12	9.68	-1.24	26.54	57.88
0.0	8.58	-10.36	4.72	-8.94	-25.52	9.04	7.18	36.96	57.66
0.0	7.3	-9.0	5.04	-8.82	-23.42	9.94	7.74	38.12	57.78
-0.051039999999999995	4.92	-10.58	3.68	-9.3	-42.54	11.48	1.76	36.86	64.32
-0.2112	3.6	-13.22	2.48	-9.0	-24.62	7.02	8.38	36.5	68.74
0.0	2.12	-12.4	4.12	-9.52	-23.84	6.18	5.24	36.94	68.42
-0.28592	4.84	-15.24	5.98	-9.68	-21.16	0.92	-3.1	39.68	63.48
0.0	4.44	-14.46	6.72	-10.2	-18.62	0.1	-6.9	40.44	63.08
-0.12896000000000002	4.58	-13.9	6.7	-8.18	-16.48	0.42	-7.5	37.64	56.24
0.0	3.92	-12.2	6.86	10.46	-20.84	-0.72	-7.9	38.42	58.32
-0.3684800000000001	1.38	-10.42	6.82	10.56	-22.02	-1.96	-9.2	40.4	57.98
-0.6571200000000001	2.42	-14.26	6.0	8.9	-19.02	-4.22	-9.78	40.18	58.94
-0.0848	3.4	-10.14	9.08	32.4	-38.58	1.62	-11.94	33.36	56.7
-0.16668	3.32	-11.22	7.02	33.2	-36.48	1.14	-12.86	37.82	52.12
-0.18200000000000002	2.44	-14.74	5.5	10.28	-22.84	-4.48	-10.52	40.64	32.18
0.0	2.18	-14.08	4.46	-1.68	-22.78	-3.84	-10.06	45.96	30.08
-0.19884000000000002	3.34	-13.4	0.48	14.48	-17.06	-5.88	-10.88	39.08	30.06
-0.18359999999999999	12.16	-11.14	5.54	37.7	-35.0	1.72	-15.26	33.92	4.64
0.0	27.7	-12.8	6.88	18.44	-24.48	-5.76	-8.24	37.12	28.62
-0.25956	33.1	-12.44	10.32	12.38	-24.98	-9.4	-10.24	35.14	31.06
-0.14824	36.88	-12.48	7.36	15.38	-25.68	-11.02	-8.32	36.1	28.2
-0.33468000000000003	34.42	-13.84	6.64	14.48	-26.32	-3.96	-11.74	39.5	28.5
0.0	42.04	-15.18	7.42	-15.16	-11.1	-12.72	-5.38	43.86	52.78
0.0	40.78	-15.2	7.7	-13.5	-10.54	-11.48	-4.96	45.78	54.8
-0.038520000000000006	40.74	-29.22	8.8	-9.74	-10.12	-12.02	-3.94	41.48	54.72
0.0	38.72	-30.14	7.64	22.24	-7.22	-12.48	-3.36	37.14	54.58
0.0	40.84	-14.82	5.44	55.68	-10.5	-13.18	-1.82	32.42	54.12
0.0	39.0	-14.02	7.14	70.18	-12.18	-14.56	-4.2	33.7	53.58
-0.10932000000000003	17.72	-20.22	7.66	64.94	-11.58	-13.96	-3.2	34.42	53.92
-0.31980000000000003	-7.9	-22.82	8.18	53.5	-15.3	-14.18	-1.44	34.32	53.8
-0.08276	14.32	-13.72	9.0	72.62	-18.56	-17.12	-2.5	39.34	52.54
-0.16524	-32.0	-18.86	6.58	71.48	-13.78	-14.74	-1.1	30.92	56.48
-0.13836	-47.52	-19.64	8.32	76.9	-13.86	-15.28	1.2	50.28	56.66
-0.09851999999999998	-69.98	-18.74	9.42	74.88	-12.12	-14.98	2.86	46.06	59.32
-0.008239999999999994	-73.14	-15.6	9.0	72.82	-11.48	-13.38	7.98	42.54	61.86
-0.40634	-68.28	-18.92	11.06	73.2	-15.26	-13.94	3.62	39.08	61.16
0.02898000000000001	-68.56	-16.94	11.76	68.98	-15.28	-14.68	10.5	35.72	61.12
-0.18572	-72.74	-13.42	6.38	65.22	-9.54	-12.66	17.44	33.42	59.56
-0.17422	-75.36	-18.24	5.78	64.14	-8.06	-15.6	21.64	36.78	60.34
-0.03648	-79.9	-26.98	5.48	37.42	-6.26	-15.56	23.88	33.38	59.32
-0.06596000000000002	-78.0	-27.14	5.38	67.7	-4.32	-15.3	23.62	35.04	56.88
0.05635999999999999	-77.4	-28.42	6.64	65.64	-2.78	-16.08	21.5	34.92	54.18
0.02112000000000001	-76.26	-32.96	6.18	70.08	-6.54	-14.28	21.78	35.54	56.6
0.055839999999999994	-76.6	-40.1	13.1	69.6	-9.98	-16.24	23.22	36.38	53.82
-0.12646000000000002	-73.44	-43.52	13.32	69.26	-14.14	-16.24	22.16	36.64	53.18
0.0	-76.56	-39.26	27.78	68.72	-12.46	-13.72	21.16	30.56	54.68
-0.10148000000000001	-76.94	-38.92	32.48	68.84	-12.76	-15.24	23.0	34.64	52.48
-0.1561	-83.98	-37.64	31.5	69.3	-11.46	-15.48	22.44	33.06	53.42
-0.23744000000000004	-85.8	-57.62	10.6	65.88	-18.14	-9.9	14.72	28.1	51.74
0.012839999999999997	-83.94	-57.74	12.56	66.08	-18.94	-8.4	12.26	28.58	53.78
-0.11448	-84.22	-35.06	32.12	72.52	-11.94	-20.44	17.24	36.7	53.5
0.010979999999999998	-84.28	-32.66	33.46	69.14	-10.8	-23.82	16.64	30.08	52.66
-0.19002000000000002	-80.4	-29.12	34.4	67.92	-11.0	-22.98	17.8	38.74	55.88
-0.12341999999999999	-82.68	-30.4	33.12	65.42	-10.04	-24.44	18.6	37.42	55.54
-0.06523999999999999	-85.48	-32.06	31.96	70.3	-10.7	-29.6	13.4	32.22	57.82
0.0	-85.56	-30.02	34.42	71.72	-10.64	-29.52	12.76	32.78	59.66
-0.22116000000000002	-86.72	-34.12	34.76	71.16	-11.02	-28.62	14.48	33.44	59.36
0.10869999999999999	-87.08	-34.48	34.2	70.78	-9.2	-30.26	15.56	27.8	58.08
0.11856	-85.96	-34.62	34.46	70.78	-7.22	-27.96	14.92	31.18	56.22
-0.008159999999999994	-87.0	-34.36	34.1	70.12	-6.0	-27.5	12.72	33.42	58.56
-0.07562	-88.78	-34.84	35.54	70.92	-8.16	-28.44	11.7	32.96	56.66
0.05728	-86.9	-34.42	37.62	71.02	-8.22	-29.2	10.48	33.28	59.24
0.0029199999999999973	-87.46	-34.9	43.08	73.4	-11.24	-30.98	14.74	33.68	57.56
-0.021440000000000004	-87.2	-34.9	45.14	70.96	-10.42	-32.16	17.4	34.42	57.06
-0.00936	-90.34	-38.96	47.0	73.8	-6.56	-36.78	17.02	35.6	57.38
0.05122	-89.86	-37.22	45.42	72.32	-10.68	-34.7	15.14	37.28	55.68
-0.0737	-86.92	-37.74	44.32	72.9	-11.68	-34.6	16.98	29.54	62.3
-0.04604	-79.36	-35.5	44.92	72.76	-12.6	-35.24	13.74	32.98	58.92
-0.01856	-84.48	-34.28	45.08	70.78	-13.22	-35.08	9.84	29.32	60.8
-0.20557999999999998	-86.12	-37.28	43.9	71.36	-12.2	-33.28	5.7	26.22	60.78
-0.09616	-86.82	-38.46	45.16	73.34	-12.42	-35.42	8.64	28.68	62.12
-0.028280000000000003	-87.04	-41.44	44.66	72.9	-12.4	-34.32	7.96	28.64	61.04
0.02138	-88.3	-39.28	46.68	71.9	-12.02	-34.8	8.22	24.7	39.8
-0.07174	-85.92	-37.58	49.94	71.38	-12.96	-35.16	5.8	1.32	38.58
-0.15162000000000003	-83.98	-35.7	54.32	70.58	-12.7	-32.34	2.62	27.12	63.22
-0.25592000000000004	-79.4	-38.1	56.3	69.32	-13.56	-30.14	5.5	33.32	57.52
-0.01856	-50.98	-39.82	60.14	69.04	-12.1	-30.48	9.76	45.64	57.06
-0.03309999999999999	-74.6	-38.7	62.28	67.04	-11.22	-28.12	2.66	57.14	54.14
0.021120000000000007	-78.5	-39.28	63.52	45.84	-23.12	-31.8	3.64	55.42	53.68
0.10248000000000002	-75.7	-38.32	64.1	46.16	-23.36	-30.8	2.56	52.54	53.94
-0.028960000000000007	-77.94	-38.68	64.48	46.36	-8.1	-32.22	4.88	54.44	54.1
-0.10122000000000002	-72.84	-38.82	62.12	68.24	-10.28	-32.24	-0.14	55.38	49.62
0.0	-68.9	-39.48	63.64	64.88	-7.7	-32.3	0.68	54.2	51.72
0.02006000000000001	-62.88	-35.48	64.32	68.64	-9.0	-32.62	3.14	56.18	54.62
-0.37408	-60.8	-38.62	60.46	71.26	-7.56	-31.8	1.94	54.24	53.16
0.010219999999999998	-38.74	-32.34	67.14	69.38	-7.0	-31.96	2.98	56.18	52.0
-0.6583600000000002	15.14	-39.88	68.4	66.08	-6.62	-31.1	2.1	52.28	46.16
-0.2293	14.26	-41.72	65.7	64.44	-5.58	-30.9	1.96	56.32	58.3
-0.23616	44.02	-42.46	63.32	66.2	-17.36	-30.16	2.1	61.6	54.82
-0.013199999999999996	43.68	-40.12	61.56	63.84	-17.2	-29.08	0.74	63.06	64.92
0.0	52.66	-39.44	58.64	59.82	-42.68	-27.68	-1.44	64.4	67.28
0.0	71.22	-38.66	57.22	58.26	-53.56	-28.5	-7.2	65.06	64.76
0.002040000000000002	73.24	-40.84	57.62	59.98	-51.92	-29.14	-6.38	65.44	65.12
0.0	74.82	-43.1	53.16	57.6	-63.88	-27.34	-9.74	61.88	68.86
0.0	70.56	-40.6	55.66	57.84	-62.56	-30.38	-23.5	62.84	69.86
-0.14688	71.42	-38.84	54.18	58.04	-60.96	-28.68	-24.36	67.54	69.94
-0.15858	75.9	-41.5	58.14	58.24	-59.64	-25.9	-24.78	66.52	68.5
0.0	74.66	-45.04	56.24	57.12	-59.98	-26.12	-56.88	72.8	68.12
0.0	74.04	-43.48	57.28	59.16	-66.32	-28.46	-71.82	72.24	68.8
-0.16416	73.6	-45.3	55.76	57.1	-64.04	-27.6	-57.14	69.22	64.64
0.0	75.3	-47.34	54.26	58.7	-60.6	-26.96	-70.06	68.02	34.92
0.0	73.66	-47.4	55.02	58.64	-33.86	-27.96	-64.6	39.82	35.7
0.0	74.64	-46.8	56.2	54.72	-32.32	-29.94	-65.24	73.42	66.56
0.0	76.48	-47.04	58.14	56.02	-63.88	-29.16	-63.3	76.4	68.76
0.0	78.94	-44.12	58.9	53.38	-60.0	-28.3	-64.06	68.6	68.86
-0.16451999999999997	78.52	-44.02	58.2	53.24	-59.18	-27.24	-65.08	55.42	68.58
0.0	76.74	-43.8	57.42	53.76	-57.52	-27.78	-65.9	45.94	68.5
0.0	75.62	-44.58	57.16	50.02	-57.2	-25.7	-66.76	43.1	69.04
0.004899999999999999	73.86	-41.06	56.72	51.76	-53.84	-23.4	-49.7	51.28	67.16
-0.17356000000000002	76.36	-42.78	54.92	43.34	-56.76	-28.02	-66.98	44.7	68.68
0.0	75.96	-42.74	54.28	38.86	-57.18	-29.32	-69.88	43.86	70.48
0.0	77.24	-43.24	55.82	39.66	-57.26	-31.12	-71.98	42.7	70.7
0.0	78.34	-43.66	53.9	39.38	-58.16	-31.1	-70.32	47.5	71.48
0.0	77.66	-42.8	55.18	33.76	-58.76	-31.34	-68.12	48.04	72.7
0.008100000000000001	73.12	-43.76	52.86	33.96	-61.28	-30.02	-72.26	43.76	72.96
0.0	79.72	-46.82	52.96	24.24	-64.62	-35.32	-84.3	40.7	69.4
0.0	78.12	-48.2	52.88	21.0	-65.06	-31.68	-87.02	39.12	68.92
0.0	80.2	-48.4	53.88	21.0	-63.36	-33.66	-87.48	38.82	66.62
0.007700000000000001	80.02	-48.38	52.68	22.48	-65.52	-32.06	-88.0	38.26	65.16
0.0	79.2	-51.56	52.0	18.7	-66.42	-33.36	-93.04	37.58	62.18
0.0	81.14	-52.92	51.24	17.86	-70.26	-9.7	-96.54	37.82	64.8
0.0	79.24	-57.2	51.66	20.6	-73.7	43.52	-92.6	38.44	62.84
0.0	80.4	-57.6	52.04	19.8	-75.8	66.46	-99.68	38.0	60.66
0.0	80.16	-57.26	53.28	17.5	-75.1	67.26	-100.5	36.08	60.1
0.0	83.44	-58.48	52.88	18.7	-75.04	67.24	-99.28	37.9	61.56
0.0	75.94	-58.62	52.38	15.8	-76.6	69.66	-99.08	35.82	61.24
0.0	77.46	-58.76	52.18	17.0	-75.62	71.08	-100.0	37.46	58.04
0.0	76.34	-57.94	49.86	22.78	-78.72	74.12	-98.68	34.96	59.84
0.0	76.7	-56.92	51.72	33.34	-78.48	75.02	-104.06	34.84	61.8
0.0	76.26	-54.52	47.62	30.9	-77.26	70.56	-103.2	35.24	59.78
0.0	76.68	-52.16	43.94	30.88	-78.98	58.0	-106.18	34.3	57.74
0.0	76.42	-53.0	32.2	29.32	-73.76	59.18	-105.54	35.54	55.22
0.0	74.54	-53.48	44.5	28.72	-78.86	74.6	-106.14	34.14	54.9
0.0	75.64	-56.34	40.92	27.82	-77.5	73.04	-100.32	38.42	54.74
0.00918	70.2	-55.14	33.24	28.14	-77.84	71.94	-69.7	40.1	53.68
0.0	68.94	-55.88	30.14	16.06	-76.0	101.26	-71.28	37.84	27.8
0.0	66.4	-57.34	39.0	16.24	-69.92	103.04	-105.96	38.22	57.78
0.0	66.06	-58.4	39.68	18.46	-70.84	103.42	-104.94	42.36	60.82
0.0	64.86	-55.36	38.04	17.54	-71.06	99.34	-108.76	40.74	61.48
0.0	67.48	-56.66	38.24	17.88	-70.94	103.62	-108.6	37.12	61.18
0.00918	67.2	-60.44	39.5	-3.16	-69.82	101.94	-107.44	39.68	60.78
0.0	74.48	-54.96	38.96	-47.06	-64.62	102.64	-109.44	36.28	51.52
-0.17920000000000003	76.46	-55.38	36.82	-52.26	-65.16	101.26	-106.04	39.82	48.72
0.0	74.02	-54.98	34.5	-73.88	-59.48	102.22	-107.28	38.22	46.78
0.0	75.54	-57.8	37.02	-73.62	-61.24	103.2	-111.36	36.88	49.0
0.0	70.78	-58.6	36.8	-74.68	-61.0	103.6	-108.9	37.12	48.96
0.0	75.18	-58.58	30.86	-70.92	-62.54	103.62	-108.24	37.96	47.98
-0.014839999999999997	67.32	-57.82	36.64	-73.24	-64.34	100.88	-114.02	36.54	48.24
-0.027600000000000003	73.22	-57.44	32.46	-68.88	-63.4	99.12	-121.36	35.7	46.46
0.01848	72.3	-56.44	31.64	-63.8	-62.62	101.8	-121.22	38.74	48.54
0.0	72.2	-60.9	33.8	-68.94	-60.9	95.92	-115.48	38.22	49.2
0.0	73.16	-60.2	32.68	-75.94	-59.14	94.08	-115.08	37.36	48.0
0.0	74.38	-61.46	39.12	-75.22	-58.56	78.2	-114.08	23.36	43.5
0.0	73.2	-68.94	40.56	-75.18	-63.16	95.9	-110.62	26.24	47.96
0.0	74.66	-67.86	38.8	-76.22	-67.7	95.8	-109.66	28.06	48.46
0.0	73.66	-69.24	38.12	-72.16	-72.76	92.32	-106.6	26.1	46.96
0.0	73.68	-70.86	37.86	-75.64	-71.46	95.48	-107.78	22.52	48.12
-0.08392	72.96	-79.16	42.26	-75.92	-67.64	92.06	-108.0	9.14	46.88
0.0	72.66	-68.3	45.1	-75.32	-69.18	92.32	-105.58	17.84	49.6
-0.16451999999999997	72.58	-78.9	42.68	-75.04	-67.92	86.18	-102.58	-0.28	50.54
-0.15548	59.04	-83.46	50.66	-76.18	-67.78	85.84	-102.12	-0.78	47.72
0.0	59.88	-72.44	54.42	-72.52	-71.58	86.02	-99.28	17.7	50.42
0.0	73.18	-68.76	44.72	-75.92	-75.18	90.34	-97.48	18.56	45.22
-0.32836	72.06	-80.18	40.28	-76.64	-67.78	83.1	-96.26	-0.62	42.0
-0.18280000000000002	75.48	-76.0	46.52	-76.16	-75.42	91.04	-73.58	18.76	39.06
0.0	75.84	-72.34	42.72	-77.86	-76.98	88.98	-43.42	18.12	37.02
-0.14048	76.58	-73.22	43.92	-76.76	-77.66	86.1	9.24	19.16	39.0
-0.16451999999999997	73.68	-85.3	40.64	-81.54	-70.0	82.58	-13.82	-0.62	40.28
0.0	74.26	-77.28	47.6	-75.64	-78.4	82.32	9.0	15.4	39.98
0.0	74.8	-78.84	46.32	-73.86	-79.78	85.28	8.52	15.6	38.32
0.0	73.04	-80.18	49.6	-72.78	-81.8	76.36	7.94	15.04	38.16
0.0	69.98	-80.1	50.1	-71.42	-81.58	75.16	9.06	11.58	37.94
0.0	72.78	-79.36	53.8	-70.82	-80.8	89.14	8.72	14.34	40.76
0.0	71.16	-80.1	54.88	-72.64	-80.28	86.08	7.84	15.0	41.78
0.0	71.3	-80.14	54.74	-71.36	-77.98	90.1	-15.24	8.74	41.94
0.0	53.38	-78.98	49.42	-67.22	-79.7	90.9	9.1	10.34	38.02
0.0	51.76	-80.06	51.14	-67.68	-83.34	93.64	9.58	15.68	36.98
0.0	70.58	-79.3	48.42	-68.4	-77.5	93.02	8.58	19.02	17.64
0.0	68.68	-80.02	41.42	-65.7	-60.92	94.44	8.72	21.52	18.9
0.0	70.12	-80.5	41.56	-68.8	-85.32	91.0	9.8	13.48	23.06
0.0	69.14	-78.14	43.38	-76.84	-86.9	93.92	9.72	14.96	22.14
0.0	69.54	-73.98	44.26	-71.1	-82.86	93.32	9.42	17.54	20.9
0.0	69.28	-72.96	46.7	-67.32	-56.54	96.24	8.62	16.22	23.4
0.0	66.2	-71.76	46.62	-69.38	0.36	94.52	6.78	14.5	24.9
-0.16488	68.32	-75.6	46.54	-68.88	28.14	91.88	9.86	10.96	28.16
0.0	68.96	-69.44	49.74	-68.78	26.92	87.4	8.52	16.0	26.84
-0.34124000000000004	67.34	-82.92	41.62	-63.7	6.04	87.54	-20.56	-0.06	13.3
-0.15560000000000002	66.48	-85.76	41.46	-75.82	6.24	85.88	-11.5	-0.42	11.74
0.0	66.24	-76.54	47.32	-71.36	30.52	95.82	17.66	15.86	22.2
-0.00936	66.52	-76.52	49.16	-69.98	30.86	94.78	18.1	16.78	28.44
0.0	62.84	-76.5	46.38	-71.96	28.82	89.76	17.72	17.32	29.34
0.0	61.88	-78.24	43.36	-71.5	26.1	76.24	17.2	17.88	32.82
0.0	60.52	-79.18	49.24	-72.2	21.66	88.7	19.44	15.96	32.32
0.0	63.74	-78.2	49.26	-71.0	19.74	89.16	21.12	15.34	26.84
0.0	67.56	-73.5	50.64	-72.6	19.58	87.3	20.44	16.86	25.52
-0.1812	64.34	-75.04	51.16	-72.76	22.22	85.02	22.36	16.0	24.22
-0.15392	64.04	-78.6	54.14	-73.72	22.3	85.88	22.44	14.98	26.16
0.0	47.02	-77.86	56.16	-73.46	22.38	88.6	21.48	14.44	25.84
-0.01864	8.32	-80.6	53.54	-71.22	21.36	93.52	21.76	10.94	22.98
0.0	-14.14	-83.18	57.58	-68.24	20.62	94.98	20.26	12.72	23.44
-0.023239999999999997	-16.56	-82.98	56.2	-66.06	22.86	93.62	21.26	14.12	24.06
0.01844	-43.14	-77.12	65.62	-58.92	49.02	101.38	42.44	29.64	38.92
0.0	-47.4	-77.02	64.18	-56.88	45.02	99.36	41.72	29.66	37.58
-0.0736	-44.76	-77.12	67.62	-56.68	48.32	98.3	48.34	30.6	37.14
0.00922	-43.56	-78.0	70.16	-56.94	44.96	99.98	50.84	33.62	33.98
0.0	-44.24	-77.24	65.26	-57.1	46.32	98.74	48.98	34.2	36.86
0.0	-43.12	-73.58	67.36	-59.82	48.32	96.2	50.16	34.48	42.1
-0.24720000000000003	-45.66	-77.8	66.74	-54.86	46.12	102.88	44.58	34.26	45.6
-0.01864	-46.36	-76.84	68.82	-29.7	48.86	102.84	52.16	32.24	45.98
0.0	-47.2	-76.4	68.34	-26.1	49.12	101.52	51.2	33.56	45.84
-0.00932	-48.2	-76.22	72.0	-54.96	48.04	98.08	55.6	31.12	42.36
0.0	-50.7	-76.02	68.24	-54.78	51.06	98.9	56.36	33.36	40.66
0.0	-49.78	-75.26	67.24	-54.46	51.1	99.8	56.02	28.5	43.72
0.010240000000000004	-49.92	-71.44	60.94	-54.52	51.68	102.72	55.9	32.76	47.6
-0.40386000000000005	-50.84	-75.04	46.8	-51.28	44.08	104.6	55.42	37.04	44.96
-0.07392	-49.14	-73.86	-21.22	-54.94	42.7	105.24	51.3	35.24	43.54
-0.08668	-49.38	-69.6	-20.54	-52.62	43.74	109.16	51.78	36.32	43.8
-0.028159999999999998	-50.16	-69.76	-47.34	-56.18	62.92	109.86	47.96	35.3	49.1
-0.36808	-47.66	-70.16	-45.64	-55.78	60.06	112.3	46.88	37.24	47.88
-0.2924800000000001	-47.56	-67.36	-47.0	-57.46	57.92	112.66	42.66	36.68	49.78
-0.25652	-49.02	-71.34	-47.66	-58.6	57.58	111.5	44.88	36.6	50.78
-0.23959999999999998	-47.88	-72.4	-49.52	-55.14	57.32	110.64	45.64	33.8	52.04
-0.00924	-47.36	-70.12	-49.38	-56.32	57.62	109.88	47.68	35.56	48.9
-0.1364	-46.88	-71.46	-47.88	-57.66	59.36	105.88	43.4	35.08	44.36
-0.06464	-47.98	-68.92	-46.0	-53.88	60.76	104.18	40.86	35.36	31.4
-0.25652	-49.18	-69.44	-45.88	-48.66	61.16	100.3	48.08	37.04	34.5
-0.04928	-51.22	-72.22	-47.9	-30.42	59.3	96.74	45.7	35.6	32.2
-0.23707999999999999	-43.82	-72.16	-48.62	-48.16	59.86	97.16	44.2	38.26	29.48
-0.17028000000000001	-35.26	-73.4	-56.16	-42.84	56.76	95.62	41.36	32.12	16.18
-0.28840000000000005	-43.52	-72.1	-56.74	-50.78	62.58	94.46	44.0	29.64	29.16
-0.23408	-33.22	-74.66	-49.6	-48.04	59.68	98.44	39.88	27.58	14.96
-0.15544	-43.5	-75.88	-52.62	-44.08	65.32	90.48	44.7	24.2	26.08
-0.27771999999999997	-42.88	-80.16	-54.36	-43.5	64.7	95.38	40.1	25.3	23.78
-0.28344	-33.36	-78.64	-48.42	-48.64	61.5	98.2	40.76	36.24	12.3
-0.19771999999999998	-27.76	-72.34	-45.64	-52.1	57.22	102.12	40.52	30.24	-4.06
-0.37628	-11.18	-75.06	-27.42	-60.22	49.14	103.0	34.46	35.48	-29.72
-0.20560000000000003	-8.7	-75.5	-41.34	-58.08	48.96	104.16	36.4	33.68	-30.4
-0.45972	-7.18	-73.0	-40.84	-51.14	46.36	106.66	33.4	35.36	-26.28
-0.15752	-4.08	-68.42	-42.46	-53.64	46.22	109.44	36.56	36.56	-41.6
-0.06972	-4.6	-69.1	-43.88	-52.94	41.84	107.5	38.76	33.84	-39.86
-0.0036000000000000034	-4.74	-67.92	-48.06	-51.34	36.22	111.22	33.92	33.74	-42.68
-0.08576	-4.26	-68.06	-45.72	-54.36	36.94	110.22	30.18	30.16	-43.9
-0.13184	-2.72	-65.94	-43.78	-47.88	32.72	105.46	29.94	26.88	-43.56
-0.26968000000000003	-2.64	-68.78	-42.74	-47.38	36.38	116.02	28.16	25.5	-43.06
-0.05452	-1.32	-71.0	-29.9	-47.88	38.1	111.26	28.32	3.66	-40.52
-0.18088	-0.98	-70.78	-38.08	-48.04	38.62	112.26	29.72	28.36	-40.4
-0.226	2.5	-69.0	-37.4	-51.04	41.78	110.3	29.46	27.98	-44.52
-0.3298400000000001	-5.3	-65.46	-34.96	-55.46	65.16	114.64	29.88	25.84	-40.82
-0.1818	-6.62	-68.44	-34.78	-53.22	64.6	115.24	31.18	27.26	-45.4
-0.19304	-4.34	-68.9	-34.84	-51.76	64.8	109.64	32.92	27.44	-48.38
-0.09532	-4.36	-63.24	-31.62	-53.52	62.94	115.2	34.52	26.2	-48.72
-0.41236000000000006	-5.64	-68.3	-33.96	-54.38	61.3	116.6	35.24	25.38	-50.06
-0.08642	-9.16	-67.86	-34.34	-51.02	63.04	118.08	36.24	27.48	-48.54
-0.03848	-8.66	-67.7	-33.7	-49.76	66.44	120.92	38.3	27.36	-50.26
-0.22562000000000004	-11.58	-68.7	-36.88	-43.4	66.68	125.1	40.24	28.32	-48.08
-0.01964	-12.84	-68.4	-35.7	-44.0	65.98	123.62	40.54	26.56	-53.42
-0.28658	-13.72	-55.84	-31.64	-41.92	66.68	128.02	40.82	28.6	-53.54
-0.29922000000000004	-13.86	-68.22	-34.62	-49.82	63.58	125.7	41.3	28.2	-55.64
-0.31916	-17.5	-66.58	-24.1	-45.22	62.4	127.86	39.94	30.44	-48.82
-0.1065	-16.76	-66.72	-28.56	-45.8	66.8	123.16	41.84	30.5	-50.32
-0.22876000000000002	-15.38	-64.52	-31.68	-46.78	63.86	108.98	38.72	30.8	-47.34
-0.49800000000000005	-17.9	-62.38	-26.8	-43.68	47.34	129.2	35.64	31.0	-45.2
-0.17056000000000002	-18.26	-66.18	-20.2	-44.24	50.28	125.92	32.44	29.22	-40.5
-0.024480000000000005	-18.36	-64.42	-26.96	-43.72	64.82	126.36	33.36	34.46	-41.94
-0.10687999999999999	-19.94	-60.96	-23.86	-43.86	63.8	124.94	30.76	32.26	-37.72
-0.16116	-20.26	-57.36	-23.22	-43.02	64.94	122.24	31.6	13.02	-41.24
-0.09108000000000002	-19.74	-54.94	-25.26	-42.92	62.04	120.36	32.1	-8.5	-40.26
-0.4507	-19.52	-48.48	-23.66	-46.08	64.28	123.22	31.2	-6.56	-29.72
-0.5085000000000001	-18.64	-45.8	-23.54	-44.36	60.34	118.02	28.84	-5.68	-16.08
-0.50324	-16.66	-52.44	-23.24	-45.18	61.56	117.46	31.42	-5.34	-18.62
-0.40294	-14.18	-49.56	-26.08	-48.86	64.68	116.08	29.6	34.14	-44.02
-0.48480000000000006	-11.38	-50.48	-27.04	-46.26	56.62	110.74	30.48	28.86	-38.94
-0.23636000000000001	-17.18	-34.64	-24.12	-45.98	70.34	117.28	30.38	33.76	-40.3
-0.5960599999999999	-14.26	-33.46	-24.36	-38.84	72.94	114.1	29.24	32.38	-40.06
-0.9491200000000002	-15.42	-25.22	-22.78	-45.28	71.74	126.12	29.48	33.6	-36.9
-0.37067999999999995	-15.92	-24.26	-22.94	-45.88	74.34	126.32	27.88	31.38	-37.6
-0.39198	-13.68	-19.98	-22.06	-45.7	76.04	124.54	25.86	31.94	-35.0
-0.11084000000000001	-11.0	-16.28	-20.16	-45.7	79.52	122.84	22.38	30.24	-39.84
-0.47492000000000006	-13.88	-15.82	-22.94	-47.66	73.0	127.98	24.2	34.82	-38.08
-0.43988000000000005	-11.86	-15.58	-21.08	-46.46	80.64	127.72	23.6	33.64	-37.26
-0.28336000000000006	-17.3	-14.64	-21.66	-48.54	72.14	128.02	23.36	37.26	-36.46
-0.4331400000000001	-18.14	-14.9	-19.96	-49.4	71.3	125.24	23.42	36.3	-36.68
-0.14751999999999996	-19.44	-14.74	-21.44	-48.9	74.44	124.88	23.68	33.3	-36.3
0.011059999999999973	-19.16	-13.28	-20.22	-49.06	72.38	126.46	22.26	35.42	-35.88
-0.06651999999999997	-18.54	-12.84	-17.98	-49.76	68.4	123.34	19.46	39.02	-33.84
-0.6750800000000001	-17.46	-8.26	-14.22	-49.9	70.64	116.54	15.82	36.42	-38.82
0.02295999999999996	-26.86	-8.66	-15.12	-47.6	65.84	119.36	17.0	37.56	-36.4
-0.7418200000000001	-25.92	-11.34	-14.36	-45.72	70.08	120.14	15.54	36.16	-37.02
-0.4835799999999999	-62.8	-8.76	-14.68	-45.76	65.86	114.94	14.4	38.82	-34.94
-0.9207	-75.94	-7.04	-15.12	-47.62	67.72	112.58	14.3	37.94	-36.1
-1.7929	-73.38	-9.42	-15.76	-47.98	67.08	115.42	16.84	37.14	-34.98
-0.738	-76.92	-8.7	-15.32	-46.96	66.64	115.14	16.0	38.44	-35.54
-1.6757600000000001	-78.04	-8.44	-15.3	-47.22	68.12	111.24	14.82	38.0	-36.42
-2.63526	-83.72	-9.04	-16.02	-47.44	67.78	115.52	15.84	39.54	-30.8
-2.5131999999999994	-83.94	-9.48	-12.3	-45.32	61.86	114.16	14.28	40.12	-35.72
-2.77822	-80.5	-9.22	-12.3	-48.74	68.66	114.98	14.6	38.44	-34.92
-0.79082	-84.14	-9.26	-9.82	-48.7	67.58	116.58	19.38	40.76	-34.4
-1.34124	-87.14	-9.16	-7.16	-48.0	68.04	120.22	20.62	41.38	-34.5
-2.01666	-83.88	-10.84	-17.38	-50.54	67.76	123.6	23.54	41.92	-37.36
-0.21538000000000004	-87.92	-10.44	-17.58	-49.08	65.46	123.12	26.44	42.34	-35.72
-2.6222399999999997	-89.2	-10.5	-18.4	-46.12	67.8	121.52	25.66	43.46	-31.56
-2.9079	-88.8	-10.32	-18.42	-49.08	70.0	121.2	24.44	47.48	-8.8
-1.7114000000000003	-90.18	-10.5	-18.92	-43.38	67.7	117.66	25.16	49.3	-6.02
-2.28626	-83.28	-8.82	-21.18	-43.04	69.6	117.52	25.96	47.4	44.2
-1.7486200000000003	-85.02	-8.52	-21.06	-43.02	70.54	118.22	28.26	44.22	69.08
-1.26862	-85.0	-6.68	-18.6	-41.74	72.38	117.24	32.42	39.34	98.04
-1.4712000000000003	-83.82	-3.34	-20.6	-38.64	70.74	117.36	32.22	40.36	97.0
-1.5283800000000003	-76.1	-6.7	-21.48	-38.64	68.06	115.58	31.24	51.38	98.16
-1.10316	-73.76	-5.04	-21.84	-38.46	64.24	112.46	31.84	52.0	97.26
-0.77512	-74.82	-6.08	-23.82	-39.52	65.9	112.86	24.98	73.38	99.46
-1.4658000000000002	-71.5	-5.72	-26.14	-39.02	68.12	114.76	24.84	85.16	99.84
-1.27564	-85.5	-8.22	-26.14	-44.08	69.18	112.68	17.92	97.84	99.6
-0.78606	-84.34	-7.3	-25.8	-40.88	62.98	111.66	16.82	93.68	100.9
-2.8451799999999996	-82.3	-8.42	-27.2	-46.64	64.86	107.38	15.34	92.08	100.94
-2.9183799999999995	-85.26	-6.94	-21.66	-46.72	67.16	85.72	15.7	59.86	100.7
-2.8168400000000005	-85.64	-6.8	-20.14	-40.36	71.86	112.68	24.48	-21.92	99.12
-1.86944	-82.36	-9.88	-24.14	-37.72	68.64	131.0	19.3	-22.88	99.96
-2.4981200000000006	-80.8	-8.54	-28.54	-37.72	75.9	140.48	18.26	-94.4	97.1
-2.3397	-82.32	-9.28	-27.9	-38.7	69.0	136.24	34.74	-95.88	89.08
-0.8106799999999998	-83.96	-9.08	-26.58	-40.4	77.06	133.06	17.88	-96.12	93.7
-1.4265800000000002	-81.24	-8.98	-26.14	-40.84	75.8	143.06	5.56	-94.76	96.32
-0.98728	-82.78	-9.02	-26.92	-39.96	79.42	140.92	2.8	-95.0	92.98
-0.76276	-81.08	-5.78	-32.76	-38.48	80.16	140.34	-2.4	-94.3	96.88
-1.6045400000000003	-77.5	-6.12	-30.16	-37.72	83.28	136.88	-1.4	-92.5	90.16
-0.7819000000000002	-80.2	-6.22	-26.72	-41.26	83.62	139.96	-3.12	-93.26	92.26
0.03510000000000007	-81.54	-5.72	-24.32	-49.3	82.0	136.24	-0.84	-90.72	89.54
-0.48992	-76.0	-6.16	-9.66	-50.72	82.88	134.0	-3.02	-93.0	92.54
-0.7057800000000001	-80.96	-5.7	9.1	-51.18	78.24	135.82	-2.74	-93.02	91.84
-0.5234400000000001	-89.38	-6.14	8.82	-55.86	82.16	136.3	-0.9	-94.64	93.5
-0.7274200000000002	-85.96	-7.8	1.62	-49.42	84.1	135.38	-0.22	-97.14	88.84
-1.6401000000000001	-84.38	-6.72	9.86	-49.12	71.6	136.64	-1.3	-96.86	90.2
-0.28384	-87.52	-5.48	36.44	-46.06	88.8	141.22	-4.18	-94.38	84.86
-0.9635400000000002	-91.58	-7.8	42.88	-56.22	89.32	141.32	-3.76	-95.38	87.7
0.59904	-87.26	-5.66	39.66	-60.48	91.42	138.62	-4.82	-92.62	89.06
-0.33071999999999996	-90.66	-6.52	44.66	-58.06	89.84	140.62	-7.68	-90.4	86.06
-0.16412	-88.34	-6.9	39.94	-56.62	96.48	140.4	-9.56	-92.3	86.12
-1.1770200000000002	-84.68	-3.98	35.82	-54.54	99.62	140.16	-11.82	-92.84	82.42
-0.6862600000000001	-85.94	-1.78	35.48	-56.08	98.46	137.14	-14.9	-87.08	83.04
-1.8105400000000003	-86.7	-1.7	34.46	-61.56	96.88	132.54	-14.42	-90.98	84.7
-0.8911999999999999	-85.5	-1.38	23.82	-62.74	96.64	140.5	-12.34	-89.82	83.34
-0.29869999999999997	-82.86	-2.84	29.7	-55.92	97.3	138.0	-12.04	-87.0	80.48
0.7988	-86.82	-4.3	35.96	-28.76	91.86	134.4	-11.44	-83.96	86.74
-0.9149	-85.42	-4.94	31.74	-30.2	97.4	138.9	-28.76	-81.88	84.92
-0.6007600000000001	-93.92	-8.28	48.46	-60.92	95.36	139.54	-11.68	-81.68	96.88
-0.7878999999999999	-98.78	-12.36	52.8	-30.86	90.84	143.14	-10.3	-82.86	100.98
-0.02854	-100.44	-12.52	54.68	-31.0	95.22	142.7	-7.6	-83.02	101.64
-0.6553	-101.78	-9.28	51.7	-59.78	93.98	139.52	-8.58	-79.12	104.76
0.6816199999999999	-102.9	-8.7	53.58	-59.7	96.12	139.0	-8.02	-65.46	96.34
0.5584799999999999	-96.76	-8.5	54.92	-55.22	97.08	139.24	-8.74	-65.76	98.06
0.4825000000000002	-100.66	-8.86	51.4	-58.2	95.08	138.96	-11.5	-68.02	108.02
-1.2219000000000002	-102.54	-8.66	55.98	-61.46	97.6	139.12	-11.84	-68.28	106.72
-0.23103999999999997	-101.62	-10.52	55.0	-61.9	95.74	133.0	-12.18	-67.86	103.96
-0.09298000000000008	-101.56	-10.82	53.82	-58.38	93.82	132.9	-10.66	-46.98	107.88
-0.18430000000000007	-100.36	-9.28	56.3	-59.3	95.68	137.26	-8.98	-43.66	109.16
0.12554	-100.58	-10.2	52.72	-59.66	93.52	142.42	-10.26	-42.8	109.9
0.08190000000000007	-98.42	-11.22	54.78	-57.86	93.98	137.72	-11.36	-43.28	112.46
-0.34894	-103.26	-8.98	47.88	-58.24	93.98	141.98	-11.92	-15.88	113.66
0.9094999999999999	-101.82	-11.66	49.16	-59.48	92.74	139.88	-12.14	6.54	109.08
-0.47776000000000013	-102.64	-10.3	47.86	-56.02	96.84	140.6	-13.66	30.58	92.52
0.37846000000000013	-93.48	-9.98	50.16	-55.66	97.08	138.08	-13.66	30.18	91.0
-0.4672	-103.06	-9.68	51.54	-54.94	95.72	136.82	-13.62	29.52	65.82
0.82962	-108.1	-9.82	52.48	-52.76	104.32	124.42	-11.1	27.98	21.58
0.5179600000000001	-110.5	-11.78	52.24	-54.62	106.36	129.68	-13.02	26.8	-5.88
0.1006399999999999	-111.72	-11.96	53.62	-55.58	103.72	129.04	-11.78	28.8	-6.12
-0.2768999999999999	-108.9	-9.8	54.52	-53.12	104.42	128.42	-7.3	28.62	-5.94
0.027780000000000023	-108.9	-8.88	53.14	-52.8	103.36	124.18	-7.88	28.92	-4.26
0.7588599999999999	-109.28	-9.1	52.38	-54.28	99.54	128.02	-3.84	29.52	-4.54
0.6176599999999999	-109.94	-6.46	55.44	-53.78	102.22	128.02	-3.96	28.3	-4.1
-1.2027600000000003	-106.88	-6.98	56.26	-56.52	98.08	132.26	-6.58	33.42	-4.26
0.20901999999999987	-106.32	-8.34	57.32	-55.38	94.88	127.28	-8.72	30.34	-3.12
-0.9189200000000003	-104.42	-7.1	57.5	-55.2	94.94	131.16	-8.34	32.08	-3.12
-0.11700000000000003	-103.8	-8.08	60.62	-50.5	95.96	131.22	-5.88	34.28	-3.26
-0.6533600000000002	-104.84	-9.02	58.76	-54.56	92.24	129.32	-8.18	38.24	-4.58
-0.4061600000000001	-100.24	-8.88	58.68	-54.9	95.84	131.2	-9.5	41.98	-2.78
-0.022299999999999986	-100.52	-12.94	56.18	-55.44	95.78	132.12	-13.2	42.08	-10.76
0.8428200000000001	-95.18	-12.5	56.58	-50.1	93.4	133.84	-16.54	41.78	-12.32
1.2319799999999999	-103.9	-10.2	54.32	-53.12	95.06	130.54	-11.34	40.88	-11.22
0.43186000000000013	-106.62	-7.68	55.28	-45.94	92.52	132.76	-9.32	44.2	-9.42
-1.4347999999999999	-101.04	-7.8	57.1	-50.16	97.3	134.76	-12.92	46.36	-10.74
-0.5619400000000002	-100.3	-12.16	55.78	-38.04	95.78	136.4	-16.04	44.68	-7.38
-0.7229000000000001	-101.84	-10.64	52.42	-37.58	91.44	135.68	-15.84	46.34	-6.2
-0.5167	-99.62	-11.24	47.26	-58.88	90.0	137.56	-17.12	45.56	-4.6
-0.15758000000000014	-98.6	-11.38	45.32	-59.42	92.34	138.18	-17.48	45.6	-4.1
-0.3717799999999999	-104.76	-12.22	47.08	-60.52	94.96	137.08	-18.62	45.94	-1.62
-0.20486000000000004	-99.54	-11.06	51.34	-66.64	92.98	133.94	-17.72	47.64	-8.08
0.05659999999999993	-97.62	-15.12	48.6	-71.92	94.38	134.94	-16.56	44.62	-11.76
-1.3813	-92.24	-14.56	47.72	-41.3	94.98	135.08	-10.66	42.14	-16.74
-0.7214400000000001	-86.04	-13.52	46.2	-44.88	96.02	133.2	-16.56	44.52	-14.54
-0.7083200000000001	-88.72	-11.54	41.12	-47.48	90.06	134.02	-16.5	43.92	-12.28
-0.3801	-88.86	-13.84	39.76	-75.98	89.0	133.94	-18.54	44.8	-8.4
0.1583399999999999	-88.68	-13.26	48.24	-74.68	93.62	131.94	-16.76	45.38	-15.08
0.63256	-86.24	-16.94	48.28	-76.96	92.96	129.42	-15.98	43.44	-30.8
-0.11817999999999991	-87.82	-16.6	58.86	-75.8	95.12	134.04	-19.2	41.02	-7.64
0.40096000000000004	-84.18	-12.34	60.2	-75.48	97.78	129.76	-18.72	50.12	-15.92
0.21053999999999998	-89.36	-9.48	52.92	-79.42	92.62	122.96	-20.84	51.86	-19.12
-1.0665	-88.04	-9.9	53.18	-85.74	94.2	120.06	-16.68	51.12	-22.88
0.21816000000000002	-88.38	-8.36	52.92	-87.26	94.86	123.6	-16.88	48.38	-24.8
-1.1562200000000002	-88.3	-8.18	53.5	-85.34	92.58	122.88	-16.32	49.16	-25.52
-0.91224	-87.34	-11.48	53.4	-86.02	95.62	126.76	-17.06	50.88	-24.24
-1.5721800000000001	-87.34	-10.28	53.28	-84.48	95.66	116.32	-15.22	52.76	-24.78
0.025979999999999972	-85.0	-8.82	51.64	-81.96	94.46	129.12	-14.98	51.84	-23.96
0.08051999999999994	-88.8	-8.92	48.82	-82.16	91.8	128.3	-15.84	54.84	-20.64
-0.8412400000000001	-84.78	-10.0	49.22	-83.8	92.36	126.6	-14.72	52.1	-17.14
-0.7366799999999999	-88.18	-10.16	49.72	-77.18	94.18	128.96	-12.68	35.46	-17.66
-0.15855999999999987	-88.62	-10.06	45.52	-56.2	95.56	129.66	-10.26	36.66	-11.26
-1.7362800000000005	-88.34	-9.92	47.62	-32.48	96.92	123.04	-3.42	-2.9	-13.66
-0.41916000000000003	-88.46	-10.96	48.36	-30.2	98.42	121.08	-8.88	18.78	-18.58
