-0.024619999999999993	1.6	0.52	-0.6	-0.1	0.14	1.54	0.22	0.86	-0.42
0.08876000000000006	6.68	0.4	1.38	0.82	1.22	-2.3	-1.14	12.36	0.74
6.7263	9.16	1.92	-1.48	0.62	0.84	-14.06	-12.26	7.3	4.2
7.691739999999999	9.76	0.68	1.44	-0.9	-0.02	-1.56	-11.44	-7.68	3.58
6.933929999999999	14.78	-1.96	0.78	0.32	-2.42	1.6	-1.36	-8.94	3.06
8.59716	17.46	-4.02	2.18	2.02	-1.7	0.14	-1.46	-7.48	3.06
9.0743	12.7	-5.26	2.6	0.62	-4.62	-1.0	-0.14	-7.16	-11.42
8.95906	15.02	-4.56	1.2	-0.24	-1.88	1.18	-1.32	-8.76	-25.3
9.07905	17.64	-3.5	0.66	0.14	-3.96	7.36	-0.72	-11.12	-35.94
9.02699	16.18	-6.48	0.06	2.52	-2.12	8.04	-1.92	-9.34	-34.36
9.41567	19.38	-6.1	0.02	1.84	-1.28	8.0	-4.88	-9.4	-35.1
9.142600000000002	20.24	-4.0	-0.26	0.86	1.14	8.44	-6.62	-10.48	-36.38
9.11779	22.76	-5.6	1.0	1.64	-3.46	9.58	-7.54	-11.4	-44.66
9.24899	24.24	-8.02	0.74	3.98	-1.88	9.12	-2.8	-13.2	-44.86
9.278410000000001	18.38	-7.94	1.14	3.58	1.1	8.22	1.08	-8.12	-26.7
9.49177	14.78	-9.32	1.62	5.8	3.74	9.06	11.5	-4.44	-21.08
8.849400000000001	14.76	-9.08	1.06	4.14	4.8	8.72	13.02	-6.32	-19.7
9.06144	10.54	-9.06	4.74	5.16	5.5	9.78	16.06	-5.7	-10.84
8.40902	12.76	-11.36	6.86	4.7	7.0	10.9	-2.88	-7.48	-11.12
9.239930000000001	10.36	-11.4	7.32	4.9	8.6	9.96	-20.48	-5.8	-7.9
9.216650000000001	11.8	-9.62	10.38	7.16	6.76	11.66	-38.54	-4.52	-5.36
9.453560000000001	11.74	-10.28	10.64	1.2	6.2	14.66	-18.9	-2.82	-9.98
9.66232	9.12	-9.5	5.92	3.38	7.18	11.64	-36.36	-6.22	-11.82
8.93623	9.72	-8.86	8.26	1.82	8.44	7.96	-39.16	-4.68	-12.78
8.608740000000001	10.84	-10.04	9.16	4.04	8.48	11.88	-39.34	-5.4	-13.42
9.061969999999999	9.78	-9.98	8.54	2.14	17.92	9.6	-71.78	-3.68	-13.72
9.490699999999999	10.88	-10.82	9.36	3.54	30.22	8.74	-75.48	-5.52	-21.1
9.2612	10.7	-9.94	9.56	1.4	43.0	8.18	-75.62	-6.4	-19.58
9.38447	11.16	-8.88	8.4	1.92	42.2	8.56	-73.24	-4.02	-20.04
9.175009999999999	11.34	-11.14	6.28	2.52	54.44	8.0	-72.26	-5.12	-14.6
9.254090000000001	9.62	-10.08	9.74	4.28	31.38	10.08	-74.02	-4.18	-15.42
9.165379999999999	8.96	-9.74	9.7	2.82	54.56	8.14	-72.38	-2.9	-17.42
9.64331	8.88	-10.18	9.68	3.54	54.7	9.64	-68.74	-3.38	-22.96
9.20947	9.44	-10.38	9.4	1.0	37.62	9.9	-73.5	-3.8	-21.58
9.433430000000001	9.64	-8.88	9.66	2.76	35.86	10.78	-72.96	-2.42	-21.22
9.030830000000002	10.7	-7.98	11.68	2.54	32.98	12.1	-70.34	-1.76	-12.62
9.311960000000001	9.76	-9.52	10.0	1.1	19.3	13.56	-75.4	-5.16	-10.66
8.91312	7.94	-10.08	10.9	3.76	3.22	18.6	-73.2	-5.54	-11.56
8.964439999999998	11.8	-9.96	8.64	4.04	-16.28	22.34	-73.56	-6.7	-8.3
9.41088	12.38	-10.02	8.94	4.76	-14.66	19.84	-75.44	-6.76	-9.56
9.60237	11.58	-9.26	9.1	3.88	-14.86	22.22	-74.82	-4.64	-9.72
9.40486	12.26	-6.42	8.82	4.12	-13.86	22.72	-78.42	-2.98	-4.32
9.45058	10.3	-8.22	8.72	0.46	-14.48	18.3	-80.44	-1.82	-7.56
9.360999999999999	11.88	-8.3	8.32	0.66	-10.82	21.28	-79.8	-0.32	-2.38
9.4511	12.54	-9.44	8.26	-3.16	-8.28	17.66	-77.4	-1.56	-9.62
9.133980000000001	12.32	-9.04	8.94	-3.38	-13.18	19.1	-61.64	1.16	-10.06
9.478449999999999	11.12	-9.28	11.86	-6.26	-13.94	13.02	-82.6	2.22	-6.02
9.50104	13.16	-8.16	8.84	-0.06	-17.14	19.0	-81.56	2.0	-13.86
9.41741	10.5	-7.38	10.32	1.28	-13.9	19.34	-78.22	16.94	-15.16
9.50779	11.48	-7.78	9.9	3.8	-10.8	18.94	-78.44	32.14	-16.02
9.45509	11.7	-8.64	12.2	-0.08	-17.2	20.16	-79.98	17.02	-12.16
9.29971	10.34	-10.8	11.64	0.5	-16.1	12.56	-77.98	16.98	-12.96
8.73528	11.26	-10.68	13.28	1.9	-14.04	20.78	-76.48	14.84	-16.22
8.6611	12.62	-11.32	13.72	6.78	-17.6	21.44	-73.6	16.68	-19.42
9.4586	15.38	-10.44	12.68	8.72	-15.96	21.12	-75.82	22.3	-20.82
9.43023	14.42	-9.38	11.4	6.36	-20.8	19.26	-70.46	6.4	-17.7
9.030869999999998	14.94	-10.78	9.44	6.78	-22.66	21.3	-72.06	14.06	-17.6
9.589689999999997	15.58	-10.76	11.24	6.84	-23.44	20.3	-73.02	9.16	-15.86
9.398729999999999	15.54	-9.96	12.84	12.04	-19.92	18.84	-72.7	9.82	-16.58
9.52467	14.24	-9.62	12.54	12.4	-21.14	20.92	-70.18	24.9	-16.98
9.28098	13.14	-11.7	12.56	10.92	-21.42	17.86	-72.34	17.14	-14.54
9.224899999999998	13.76	-8.92	14.72	9.7	-20.14	21.56	-72.98	-5.26	-15.94
9.392339999999999	12.82	-11.04	15.08	11.32	-21.34	22.5	-69.48	-7.94	-16.22
9.287469999999999	13.04	-7.8	15.28	11.12	-22.2	24.9	-68.58	-8.1	-17.9
9.03096	16.04	-8.26	15.36	10.62	-19.74	23.22	-69.38	-5.72	-18.8
9.656030000000001	13.76	-7.28	19.08	7.72	-17.2	25.02	-69.06	-8.12	-19.16
8.97985	15.66	-6.94	17.28	8.68	-17.98	25.32	-71.44	-7.88	-17.1
9.55342	14.46	-6.58	20.52	11.36	-19.0	27.12	-73.5	-7.98	-21.36
9.223099999999999	15.7	-8.84	23.66	9.96	-18.34	26.76	-76.36	-7.44	-20.38
9.104249999999999	13.28	-7.82	23.46	8.94	-16.32	25.28	-75.54	-8.62	-19.12
9.10061	13.32	-6.9	27.16	11.8	-19.78	27.86	-76.02	-10.18	-18.28
9.11803	14.14	-6.84	28.02	12.46	-20.76	28.38	-76.02	-6.28	-16.84
9.335289999999999	14.56	-8.6	27.58	9.5	-19.54	26.56	-75.02	-7.62	-17.02
9.43767	12.58	-8.34	27.22	4.68	-9.68	26.68	-76.28	-7.7	-16.74
9.552769999999999	11.82	-10.18	23.4	5.1	-8.84	26.18	-77.04	-6.64	-14.96
9.314919999999999	12.68	-9.44	30.08	4.06	-5.8	28.74	-74.82	-6.86	-15.68
9.43305	13.5	-9.1	21.58	5.12	-3.64	24.26	-79.98	-6.46	-14.96
9.19426	11.6	-12.86	21.74	2.14	-1.02	26.26	-78.68	-7.44	-15.26
9.21424	11.42	-11.38	27.38	1.06	-4.24	34.28	-75.56	-6.46	-14.22
9.185799999999999	8.06	-11.66	24.94	1.34	-2.84	31.36	-80.5	-5.46	-17.7
9.020040000000002	9.6	-12.94	26.24	0.8	-2.62	29.56	-81.16	-5.9	-17.76
8.72517	5.72	-5.76	31.56	-2.24	-8.26	32.6	-87.02	-3.62	-19.96
8.98455	6.74	-5.56	32.6	0.96	-10.7	36.7	-85.14	-1.7	-24.68
9.150939999999999	6.58	-0.58	35.0	2.22	-10.66	40.56	-83.42	0.64	-30.36
8.84536	6.64	-4.88	36.16	7.16	-11.24	38.4	-81.36	0.22	-31.26
8.94076	9.72	-4.74	36.52	4.44	-10.74	41.8	-80.1	0.32	-32.5
9.10164	11.7	-4.58	35.04	2.36	-10.82	41.84	-78.64	-0.66	-31.92
9.23322	14.18	-5.06	29.66	9.2	-11.3	38.36	-78.96	1.94	-25.32
9.15847	12.7	-6.0	32.08	1.78	-12.44	38.42	-79.04	1.54	-23.86
9.21238	21.74	-5.86	36.74	0.36	-11.14	38.58	-78.16	-0.08	-31.64
9.45577	21.14	-5.04	35.64	-0.44	-11.14	44.32	-82.06	-1.16	-25.16
9.42959	19.82	-5.62	35.82	-1.82	-13.6	46.14	-85.92	0.22	-22.38
9.24859	18.84	-7.58	40.0	-3.0	-14.82	45.96	-85.64	-0.5	-11.42
9.36806	21.02	-8.82	41.22	-3.16	-14.84	44.56	-81.18	-0.68	-20.2
9.528629999999998	15.48	-7.72	40.82	-1.5	-15.0	45.88	-85.24	0.56	-13.6
9.020959999999999	17.88	-9.7	40.64	-1.34	-14.32	42.3	-86.56	1.22	-15.98
9.38793	19.32	-14.38	28.22	2.08	-14.86	43.28	-93.7	5.06	-15.56
9.46393	14.4	-12.66	26.54	3.2	-15.0	41.52	-94.04	5.24	-16.06
9.29411	16.92	-12.74	28.34	4.38	-19.42	41.96	-93.7	1.24	-15.1
9.348559999999999	18.38	-13.02	30.54	5.48	-19.54	41.54	-91.96	-0.5	-15.22
9.58248	18.64	-13.2	30.08	5.76	-20.0	42.34	-92.8	0.4	-14.8
9.45663	20.18	-11.56	34.28	1.5	-16.56	41.8	-93.84	1.84	-10.74
9.20901	18.46	-16.02	34.12	1.42	-16.98	41.64	-93.9	-2.84	-13.32
9.43373	18.56	-12.16	29.96	7.72	-19.26	41.32	-93.32	-6.44	-14.54
9.36357	19.18	-12.76	25.06	10.56	-26.2	41.68	-88.92	-13.12	-11.2
9.33705	18.52	-12.04	24.66	11.6	-22.96	41.18	-94.44	-14.2	-12.54
9.53217	19.96	-11.72	22.74	10.94	-23.34	42.38	-93.26	-11.6	-13.28
9.468989999999998	19.52	-11.7	24.48	10.2	-22.74	41.14	-93.6	-10.08	-10.38
9.258119999999998	19.18	-14.58	24.64	10.96	-19.28	40.64	-93.84	-14.36	-8.86
9.365969999999999	20.18	-14.02	23.36	11.3	-21.94	39.42	-91.28	-11.1	-13.06
9.04195	19.24	-14.86	26.22	10.88	-23.16	39.1	-87.1	-11.54	-15.94
9.29888	19.28	-14.56	25.32	13.14	-21.94	40.78	-90.02	-9.98	-16.8
9.27705	20.88	-15.12	23.34	14.22	-17.44	42.5	-92.48	-12.2	-16.92
9.577850000000002	18.72	-13.58	24.94	13.22	-18.04	45.06	-89.06	-10.38	-14.84
9.37543	17.92	-13.1	23.68	14.38	-18.0	44.36	-92.06	-10.72	-11.78
9.15402	18.28	-13.9	21.9	14.82	-17.06	44.56	-90.22	-9.72	-11.82
9.2918	19.16	-14.04	21.98	14.4	-15.5	38.94	-90.26	-8.18	-11.32
9.617989999999999	17.48	-13.7	17.72	14.88	-12.36	45.66	-90.26	-8.08	-13.3
9.52168	19.06	-13.54	19.08	15.04	-9.9	47.56	-86.64	-9.66	-13.76
9.37395	20.44	-17.08	18.26	16.9	-10.78	47.82	-87.72	-10.0	-13.14
8.9594	21.68	-18.32	25.38	14.1	-2.32	45.4	-84.18	-8.52	-15.08
9.41094	21.34	-16.32	24.92	14.94	-6.18	50.62	-85.42	-6.24	-14.1
9.50358	22.0	-18.58	26.84	16.94	-6.46	48.08	-86.84	-8.86	-15.62
9.40372	21.72	-17.06	24.6	18.44	-2.94	47.04	-90.16	-7.6	-14.7
9.43881	23.36	-12.14	23.42	19.34	-2.3	51.44	-87.1	-9.0	-18.82
9.17732	20.5	-12.74	24.48	18.18	-1.14	50.28	-93.32	-9.6	-19.64
9.492629999999998	22.5	-14.44	26.18	20.08	-0.64	49.66	-94.76	-8.28	-20.8
9.602699999999999	19.22	-12.96	25.36	20.22	-2.12	49.6	-94.34	-7.66	-19.3
9.236749999999999	19.82	-13.6	24.2	18.56	-2.04	45.36	-93.98	-6.24	-20.44
9.45323	23.54	-14.04	23.14	18.28	-5.38	58.02	-94.46	-5.46	-22.46
9.613419999999998	26.3	-15.96	28.16	20.66	-8.28	83.68	-96.68	-9.36	-22.94
9.14217	25.8	-18.86	28.7	32.32	-10.08	97.18	-100.02	-11.86	-22.98
9.23714	27.98	-19.86	28.2	16.7	-6.74	99.5	-100.28	-9.4	-26.8
9.668349999999998	27.56	-19.42	28.08	16.86	-4.82	101.18	-98.92	6.46	-28.78
9.67553	27.52	-18.98	28.28	17.94	-7.08	102.54	-96.64	8.64	-32.46
9.60295	28.06	-19.3	26.82	21.12	-8.74	103.36	-98.98	-6.72	-32.54
9.32209	28.78	-17.0	26.68	17.56	-5.96	97.44	-100.88	-10.98	-32.36
9.398629999999999	27.48	-21.04	28.6	15.16	-3.36	91.6	-105.76	-11.74	-34.68
9.71957	29.22	-19.78	29.92	15.66	-4.24	90.44	-108.18	-13.26	-32.22
9.68171	28.22	-20.98	31.56	15.7	-0.34	96.36	-109.0	-12.62	-34.86
9.777149999999999	28.6	-24.82	33.82	12.64	-1.66	95.52	-95.38	-12.24	-36.64
9.92729	27.6	-25.46	33.34	15.06	-2.44	97.06	-99.5	-11.96	-36.8
9.80816	27.4	-26.96	29.96	14.58	-2.64	97.04	-98.34	-13.12	-38.96
9.51326	25.88	-24.92	36.84	14.82	-2.64	97.0	-93.04	-15.62	-40.94
9.54882	29.82	-24.88	38.22	15.5	-2.84	95.08	-87.64	-17.56	-49.88
9.90535	28.3	-25.8	36.84	12.12	-3.5	93.38	-63.4	-16.3	-60.22
9.69154	29.24	-26.1	39.66	11.78	-4.74	94.0	-98.1	-16.14	-48.14
9.70777	26.76	-24.6	37.76	12.44	-2.44	95.02	-98.02	-13.36	-48.84
9.51428	26.64	-24.2	39.44	11.64	-0.48	93.74	-99.82	-14.06	-37.5
9.55398	27.94	-23.62	38.44	14.08	-3.28	94.24	-99.66	-12.42	-39.34
9.83809	27.66	-23.06	38.5	16.5	-3.24	94.44	-100.26	-9.88	-38.72
9.50352	29.08	-23.46	39.0	23.98	-3.7	90.24	-98.22	-15.62	-38.4
9.41302	30.44	-27.62	37.54	22.54	-3.58	93.24	-97.78	-14.08	-41.76
9.633069999999998	30.78	-29.06	39.1	22.78	-4.4	94.5	-97.74	-14.14	-42.86
9.10821	33.1	-25.78	39.78	16.52	-5.0	89.38	-98.9	-12.7	-42.32
9.75002	30.84	-25.92	40.42	11.18	-3.24	93.78	-98.18	-10.4	-44.5
9.74653	28.78	-25.24	43.04	16.1	-1.76	96.2	-83.52	7.7	-47.86
9.66282	29.74	-24.62	39.94	11.36	-2.18	97.76	-102.1	-11.88	-49.64
9.570079999999999	28.62	-24.84	38.66	10.2	-1.46	97.04	-101.16	-15.2	-46.3
9.842120000000001	29.46	-26.3	38.06	16.02	-0.72	97.54	-99.02	-18.02	-47.04
9.511489999999998	30.38	-27.44	38.5	13.32	-1.7	97.04	-97.9	-15.48	-46.0
9.83632	29.84	-27.12	35.78	12.38	-1.24	94.42	-99.0	-18.0	-43.72
9.5715	31.82	-26.54	39.1	14.78	2.68	93.74	-101.08	-19.24	-44.2
9.7688	27.88	-30.06	38.5	12.52	2.04	97.24	-100.46	-19.1	-47.48
9.37806	32.88	-29.66	36.82	13.46	2.28	99.84	-97.98	-19.92	-47.72
9.82265	31.56	-32.6	37.38	14.56	3.26	101.84	-99.62	-16.5	-46.6
9.48525	31.46	-32.44	36.42	16.54	0.88	100.3	-97.32	-17.64	-43.5
9.74707	32.16	-28.38	39.22	19.42	-2.26	98.36	-103.84	-18.5	-42.04
9.71904	31.86	-28.54	39.2	17.26	-3.7	97.84	-103.22	-14.22	-40.88
9.7018	29.86	-30.36	38.84	14.12	-1.8	98.24	-105.06	-18.22	-38.4
9.626779999999998	31.94	-31.02	35.86	16.48	-1.86	92.78	-105.54	-19.32	-39.16
9.6289	32.04	-29.02	35.42	14.36	-2.68	61.16	-108.4	-19.32	-38.24
9.887229999999999	28.28	-29.08	39.34	13.16	-2.32	21.78	-108.5	-16.68	-39.24
9.64912	30.34	-29.68	37.9	14.54	-2.6	59.46	-104.5	-18.12	-37.92
9.67582	30.58	-27.34	36.7	16.32	-1.14	94.72	-102.16	-18.02	-35.82
9.49696	32.14	-26.94	38.18	18.24	-1.88	96.82	-103.54	-17.64	-26.1
9.745890000000001	33.24	-27.82	36.38	18.28	-1.48	96.7	-103.1	-13.98	-35.4
9.757929999999998	34.1	-25.48	36.5	19.52	-3.38	94.48	-105.16	-16.92	-38.44
9.626910000000002	32.92	-30.14	34.74	22.2	-3.72	92.98	-104.04	-18.54	-38.26
8.96988	34.16	-29.56	36.26	22.16	-2.96	94.22	-102.9	-20.96	-36.94
9.777489999999998	35.48	-29.64	33.2	16.84	-0.74	96.2	-101.96	-18.72	-36.94
9.67137	33.1	-30.16	35.9	17.84	-2.28	98.76	-102.46	-18.16	-38.38
9.42575	36.4	-27.42	37.72	19.92	-2.7	94.0	-99.68	-20.42	-38.38
9.580720000000001	36.28	-28.98	37.42	18.46	-1.64	92.54	-98.46	-20.9	-34.68
9.78415	36.28	-27.96	37.58	19.32	-2.44	94.38	-100.82	-22.08	-40.0
9.49093	35.72	-25.44	40.7	17.6	0.38	94.28	-99.74	-21.66	-39.68
9.55498	32.32	-26.44	39.5	20.98	0.02	92.78	-100.02	-17.5	-40.38
9.46001	39.2	-25.42	35.12	10.16	-1.08	98.98	-93.92	-11.68	-38.04
9.59141	39.04	-25.92	35.68	9.66	0.94	97.68	-98.38	-11.18	-39.94
9.64712	36.84	-24.3	36.92	9.04	-3.46	99.34	-97.98	-9.1	-37.5
9.7967	33.84	-24.02	37.3	9.08	-3.54	100.44	-100.64	-9.52	-38.68
9.732169999999998	31.8	-23.36	38.22	13.34	-3.8	105.92	-98.56	-7.84	-32.34
9.781239999999999	29.06	-23.42	38.38	10.68	-2.1	105.82	-98.04	-8.48	-31.9
9.404630000000001	31.92	-24.0	41.34	13.1	-1.66	106.14	-95.08	-4.82	-31.72
9.77232	29.72	-27.48	44.16	15.32	-1.34	107.46	-99.0	-8.96	-32.34
9.57667	31.42	-25.24	44.82	16.96	-2.16	106.66	-95.32	-7.4	-30.4
9.754129999999998	31.38	-27.1	37.04	18.14	-1.78	107.56	-98.4	-9.84	-31.6
9.258890000000001	33.46	-28.16	36.44	17.16	1.34	105.88	-96.22	-8.0	-33.76
9.822	30.64	-29.88	38.96	15.38	-2.56	103.76	-98.12	-9.02	-34.76
9.568489999999999	36.5	-32.34	39.2	11.8	-1.46	106.56	-95.04	-11.94	-35.44
9.76858	37.36	-31.0	39.02	12.92	-2.4	106.28	-98.84	-11.76	-36.02
9.79246	34.12	-31.06	40.64	13.18	-2.88	101.66	-98.44	-12.72	-33.74
9.58213	34.78	-27.66	38.26	17.42	-4.66	107.06	-95.28	-15.3	-36.64
9.58649	34.26	-27.7	40.0	16.96	-3.9	109.72	-97.48	-14.86	-33.7
9.888749999999998	34.54	-27.02	38.12	16.02	-4.74	108.66	-95.6	-15.16	-31.28
9.785249999999998	34.94	-24.62	38.94	18.14	-3.74	108.08	-95.38	-14.66	-32.02
9.83997	32.72	-28.46	39.08	18.28	-3.48	106.5	-94.3	-15.98	-33.12
9.34713	36.04	-27.56	41.16	17.4	-1.76	108.64	-96.96	-18.94	-35.98
9.792499999999999	34.1	-26.34	44.44	19.14	-1.14	105.46	-98.74	-14.42	-44.88
9.732719999999999	34.46	-21.5	40.54	18.2	-1.86	105.88	-93.58	-15.22	-42.46
9.52524	34.72	-26.22	35.4	19.14	-4.44	108.14	-66.74	-18.98	-51.24
9.464729999999998	36.24	-26.02	37.9	17.94	-2.88	108.16	-72.56	-19.7	-40.9
9.58149	35.7	-29.64	39.24	19.22	-0.5	106.68	-98.54	-20.38	-37.42
9.77817	33.24	-27.52	41.02	17.02	-1.34	107.8	-99.1	-19.52	-39.02
9.72948	34.6	-26.24	42.62	15.16	-1.42	104.48	-85.48	-18.98	-44.68
9.73073	36.46	-29.56	41.12	19.62	-2.84	104.02	-81.92	-20.54	-39.46
9.42715	34.7	-27.86	40.9	18.72	-2.32	87.68	-84.44	-17.44	-46.84
9.81816	37.4	-26.02	41.7	19.46	-0.68	105.0	-54.6	-17.94	-46.5
9.8426	38.52	-27.06	44.16	19.46	-0.82	102.8	-36.9	-18.42	-43.4
9.558480000000001	40.62	-25.16	47.22	21.3	-1.86	105.5	-22.06	-19.46	-46.92
9.476510000000001	44.02	-24.04	46.84	20.68	-5.28	103.52	-21.68	-18.78	-46.46
9.54428	44.58	-24.36	46.42	17.54	-2.12	103.68	-22.2	-21.0	-46.72
9.80123	46.16	-25.44	46.72	19.04	-4.68	101.18	-18.74	-20.92	-46.44
9.63355	46.38	-22.74	50.1	18.98	-5.3	97.18	-17.68	-23.22	-47.12
9.75904	46.98	-23.52	53.44	16.56	-8.28	98.66	-18.92	-23.14	-44.96
9.562769999999999	49.22	-25.7	55.36	16.88	-8.32	96.66	-20.06	-22.66	-46.84
9.67282	42.92	-25.4	55.32	17.02	-7.6	101.32	-22.92	-18.84	-47.32
9.435599999999999	45.02	-23.96	55.46	19.02	-5.94	102.38	-25.34	-18.16	-44.8
9.48605	43.52	-25.46	53.82	19.28	-4.82	96.38	-23.48	-19.34	-39.56
9.73843	43.42	-27.3	60.52	21.28	-5.42	97.3	-23.98	-21.2	-26.26
9.754350000000002	39.9	-29.2	59.94	20.12	-5.7	102.48	-11.9	-19.98	-10.44
9.34023	42.34	-35.44	52.9	19.18	-5.34	100.18	-2.38	-14.42	26.9
9.55159	43.4	-37.66	56.78	19.86	-5.66	100.88	5.32	-4.24	28.04
9.69675	39.34	-34.84	63.0	18.88	-8.2	98.42	0.28	-25.28	-16.0
9.71349	41.1	-33.3	60.24	19.92	-2.58	99.74	1.68	-25.36	-13.42
9.68889	38.92	-32.48	58.88	19.56	-5.22	99.62	2.76	-25.3	-17.28
9.48054	40.4	-32.38	59.28	17.0	-5.88	98.04	10.16	-25.72	-37.38
9.72142	40.36	-30.76	62.3	18.26	-3.72	98.04	10.34	-25.3	-38.02
9.81573	40.02	-30.86	51.42	13.76	-6.62	97.28	12.88	-22.92	8.66
9.736809999999998	39.42	-29.52	48.86	11.44	-6.08	97.7	11.74	-22.94	10.86
9.76314	38.72	-30.32	49.04	13.48	-7.1	96.46	8.94	-23.2	11.58
9.54809	39.64	-32.14	45.1	8.66	-7.6	93.84	-0.96	-24.14	35.32
9.346599999999999	38.58	-32.54	44.06	7.94	-7.38	96.54	9.88	-23.48	39.42
9.307780000000001	39.0	-33.84	57.28	15.04	-7.96	98.04	9.96	-24.38	4.46
9.4465	40.18	-32.6	58.04	7.5	-7.3	91.92	13.28	-23.06	-1.34
9.853439999999999	43.18	-31.84	49.22	13.46	-8.54	96.7	11.08	-23.78	33.08
9.69599	42.62	-33.02	39.38	9.34	-14.32	94.8	4.74	-21.3	94.22
9.580549999999999	45.88	-33.26	39.4	10.94	-13.78	95.16	2.82	-22.02	96.68
9.44746	49.26	-32.3	37.62	10.76	-12.6	94.88	3.4	-21.46	98.12
9.33007	48.14	-33.9	41.4	11.3	-13.36	96.2	3.14	-22.06	93.94
9.62164	46.1	-38.32	39.42	11.2	-11.72	92.14	2.78	-22.08	95.04
9.52742	45.36	-38.62	37.32	14.32	-17.04	95.44	3.84	-23.76	96.54
9.50465	45.5	-40.3	37.4	12.2	-14.86	91.24	2.8	-24.48	99.26
9.58336	42.98	-38.98	35.2	8.52	-16.2	94.86	4.22	-22.44	98.22
9.58395	43.26	-38.9	31.82	8.76	-14.78	94.08	3.5	-20.3	99.62
9.570350000000001	47.14	-38.92	34.44	10.7	-10.6	94.72	16.72	-18.12	96.58
9.82933	47.9	-39.48	34.6	7.16	-12.02	90.96	36.38	-17.74	97.88
9.863869999999999	49.54	-37.88	36.62	-13.28	-11.02	92.66	35.78	-21.06	98.52
9.7331	50.0	-36.9	34.18	-13.26	-10.96	94.76	34.16	-18.28	94.52
9.671569999999997	48.1	-32.6	33.76	6.82	-12.76	95.94	8.78	-14.92	88.94
9.45251	51.84	-36.16	32.5	21.82	-11.86	93.12	7.94	-14.4	92.2
9.608709999999999	50.36	-35.02	32.9	7.08	-7.48	96.58	29.6	-15.96	93.08
9.52655	49.48	-39.5	33.92	6.82	-4.08	90.66	74.88	-17.48	95.1
9.88535	48.56	-36.46	33.9	7.1	-3.48	93.92	76.68	-16.96	99.52
9.59735	47.52	-34.98	33.04	5.54	-1.58	89.38	99.28	-25.74	97.84
9.218110000000001	49.74	-41.06	33.52	6.72	0.16	88.36	98.72	-24.78	65.5
9.74207	47.22	-41.24	33.18	6.82	-0.28	92.94	102.18	-28.62	27.68
9.69129	49.56	-38.28	32.74	6.76	2.56	95.74	99.42	-29.14	65.58
9.79502	50.8	-39.62	33.2	3.84	-2.52	95.56	101.7	-25.44	50.16
9.7301	48.56	-41.02	33.26	5.38	-3.04	99.46	105.64	-26.58	41.3
9.602419999999999	48.6	-41.46	31.92	4.54	-8.36	94.56	110.14	-34.88	82.72
9.60271	48.9	-37.14	33.04	1.46	-4.1	95.1	111.92	-34.52	71.18
9.484119999999999	50.4	-37.82	33.16	3.16	-5.64	96.08	108.56	-33.82	70.08
9.65607	47.88	-35.62	33.46	3.34	-3.26	95.0	104.6	-33.14	57.88
9.6303	51.46	-36.44	32.34	7.02	-5.5	96.28	98.24	-33.66	73.32
9.74246	44.28	-35.88	28.02	2.0	-4.46	94.72	106.7	-33.02	62.98
9.659460000000001	43.18	-35.36	31.34	3.06	-5.68	94.18	107.08	-32.3	60.78
9.61248	44.2	-38.6	28.26	6.16	-9.3	93.36	92.12	-32.46	82.34
9.36516	48.5	-38.22	29.58	6.78	-11.24	97.5	88.4	-36.32	95.62
9.51216	48.04	-38.7	28.82	8.82	-10.74	96.54	85.78	-35.86	96.44
9.74911	49.1	-38.34	26.44	7.38	-10.38	90.4	84.82	-36.7	95.9
9.66767	50.26	-39.3	25.48	6.2	-10.82	97.34	79.78	-37.66	108.4
9.83245	48.5	-31.94	25.6	7.24	-11.16	97.0	79.18	-37.44	107.1
9.19498	51.04	-38.0	26.86	6.66	-9.42	94.04	82.08	-38.84	104.16
9.69173	50.48	-38.58	25.28	6.4	-9.12	90.72	76.36	-37.16	106.58
9.38191	49.96	-38.34	25.44	7.86	-9.9	83.2	76.84	-34.48	102.9
9.66641	53.6	-38.38	25.66	4.6	-7.82	85.06	49.86	-32.56	70.32
9.82131	51.6	-39.18	29.86	2.88	-6.76	86.64	47.98	-29.44	36.72
9.52929	51.9	-37.78	34.68	1.96	-10.52	98.62	13.64	-27.16	3.82
9.55834	51.3	-35.14	36.06	4.28	-10.7	101.94	37.58	-25.1	-32.78
9.568379999999998	51.68	-35.88	38.94	4.92	-10.94	98.98	70.2	-24.82	-69.38
9.41584	52.48	-38.66	42.34	4.42	-12.16	76.96	67.34	-25.4	-69.56
9.658030000000002	51.66	-40.04	43.62	4.04	-10.6	76.26	65.44	-25.48	-68.32
9.71036	49.9	-40.04	43.22	5.1	-11.1	40.82	63.54	-24.02	-65.32
9.625070000000001	52.7	-40.36	37.52	7.62	-9.0	74.6	56.78	-23.62	-62.36
9.696530000000001	50.02	-42.92	33.68	7.08	-9.5	102.28	54.16	-24.32	-64.88
9.493459999999999	54.96	-39.82	33.7	9.48	-9.42	107.04	42.28	-25.84	-63.62
9.59381	52.58	-42.3	36.06	7.7	-8.68	106.84	26.9	-27.16	-63.76
9.715359999999999	52.04	-41.8	35.24	8.18	-5.68	107.04	41.8	-28.88	-63.72
9.837050000000001	51.16	-42.22	37.38	9.36	-7.24	101.58	32.12	-27.48	-63.0
9.60668	53.12	-40.68	30.78	18.46	-9.8	105.24	48.6	-25.38	-67.38
9.88799	53.56	-40.42	32.1	22.68	-10.94	108.82	48.26	-22.72	-68.46
9.60598	55.02	-42.46	32.48	19.9	-13.12	110.12	49.54	-20.48	-68.64
9.65706	51.36	-43.64	31.7	20.74	-13.32	112.86	52.1	-19.54	-68.56
9.277090000000001	54.54	-43.44	32.84	21.46	-13.38	105.36	52.36	-21.94	-68.66
9.55538	55.98	-44.06	28.88	20.74	-15.18	112.26	51.34	-20.06	-68.4
9.59962	52.4	-37.14	30.7	22.04	-14.0	112.96	49.92	-20.2	-68.4
9.13236	52.74	-42.36	33.16	24.08	-15.34	118.7	59.0	-16.08	-68.74
9.34857	49.9	-37.84	35.88	22.98	-13.36	120.86	58.44	-13.92	-67.14
9.25739	53.98	-42.86	31.82	27.66	-19.0	120.44	71.06	-17.2	-66.56
9.53425	54.54	-41.12	32.14	25.5	-20.02	120.5	74.12	-16.98	-65.94
9.11713	56.46	-40.48	32.36	24.18	-20.42	117.06	72.1	-16.34	-65.94
9.675460000000001	56.78	-43.08	34.06	24.42	-20.64	117.4	71.44	-14.54	-64.68
9.55348	53.96	-41.04	34.92	24.22	-18.34	121.98	69.88	-9.06	-65.78
9.240169999999999	59.02	-47.08	41.34	30.76	-16.46	121.1	73.08	-13.52	-67.4
9.51665	55.28	-42.78	35.02	27.36	-21.06	117.28	68.6	-7.8	-64.86
9.4772	56.02	-40.1	30.56	25.44	-24.48	114.42	69.54	-6.02	-69.44
9.610240000000001	53.12	-39.3	27.88	27.16	-21.04	115.76	68.86	-5.6	-66.72
9.511560000000001	54.02	-36.4	31.54	29.0	-20.22	116.64	72.66	-3.72	-71.72
9.43516	56.22	-38.28	32.86	27.88	-18.52	117.2	67.5	-5.62	-66.78
9.51362	52.46	-38.68	31.96	28.26	-21.18	116.68	44.56	-6.4	-49.86
9.61824	51.12	-39.1	34.36	27.14	-22.3	117.66	45.24	-7.8	-51.14
9.483659999999999	50.1	-37.94	29.16	25.98	-19.94	116.18	-2.9	-6.8	-17.44
9.27595	52.9	-38.3	31.32	26.96	-20.74	122.98	-0.86	-3.6	-18.12
9.48247	51.16	-37.2	32.14	25.22	-19.88	118.84	23.5	-5.78	-38.32
9.51196	51.8	-34.82	31.54	25.96	-15.08	122.94	-10.68	-4.9	-16.94
9.37914	54.88	-37.44	26.92	29.18	-9.62	116.0	-67.82	-4.88	22.04
9.65836	57.28	-38.3	27.6	31.24	-8.66	99.3	-72.84	-3.1	20.46
9.51404	56.56	-37.22	26.7	30.86	-12.9	97.88	-74.7	-2.26	24.2
9.59492	56.06	-40.58	24.52	31.74	2.98	68.32	-66.18	-4.08	25.22
9.64766	58.12	-38.16	27.26	31.66	2.84	65.82	-64.0	-7.72	19.88
9.641350000000001	56.34	-40.78	27.36	29.3	-9.08	95.44	-86.26	-5.3	15.58
9.377109999999998	57.18	-40.84	26.2	28.36	-2.22	81.66	-78.46	-7.12	13.32
9.368360000000001	57.14	-42.42	28.1	23.86	-6.6	86.48	-76.1	-5.12	8.94
9.40724	56.26	-44.1	24.7	26.72	1.16	70.9	-66.96	-8.46	3.34
9.501689999999998	52.18	-47.22	31.4	25.02	8.42	56.9	-53.08	-6.82	1.06
9.43432	52.94	-49.0	23.66	22.78	4.82	55.52	-56.0	-4.32	1.36
9.50282	56.04	-48.92	24.9	22.8	8.94	57.92	-55.04	-7.28	-1.9
9.611360000000001	55.54	-45.82	24.66	24.14	9.98	57.38	-55.8	-8.16	-0.04
9.53087	56.54	-43.42	23.26	21.52	8.54	55.44	-54.94	-13.56	-0.18
9.56643	58.96	-49.46	23.32	22.66	11.72	55.96	-55.56	-14.88	-0.02
9.48536	60.0	-48.98	21.6	22.36	9.54	55.54	-61.66	-14.38	-1.28
9.67799	59.84	-48.56	23.3	22.8	7.94	53.5	-59.44	-13.56	-2.34
9.62718	61.54	-50.34	22.86	20.94	8.34	55.84	-62.16	-11.76	0.84
9.53655	69.04	-51.18	27.4	23.5	4.98	54.38	-60.08	-14.62	-0.04
9.80932	69.0	-49.98	25.16	21.52	1.06	48.9	-58.56	-6.04	-3.52
9.83689	70.24	-52.66	26.42	20.4	0.8	49.9	-60.86	-6.1	-4.14
9.77077	73.24	-49.96	24.5	17.32	3.94	50.74	-60.02	6.02	-2.36
9.69022	73.4	-50.28	25.12	15.36	8.76	50.22	-65.66	16.9	-3.88
9.66488	66.4	-50.58	26.46	19.68	0.52	45.04	-57.66	-5.56	-4.18
9.74461	64.08	-50.28	27.42	21.2	-0.24	31.84	-58.62	-6.16	-10.84
9.54212	65.2	-50.58	30.58	22.0	-1.66	21.64	-56.08	-19.3	-27.1
9.828619999999999	67.28	-45.74	31.78	24.22	0.56	1.06	-55.56	-19.76	-67.64
9.627149999999999	65.08	-49.32	33.7	21.76	0.78	2.02	-55.26	-18.92	-67.6
9.6348	63.74	-49.14	34.62	22.22	0.2	-0.24	-56.46	-18.56	-67.24
9.623289999999999	63.92	-49.32	35.9	22.7	-0.94	10.92	-55.52	-20.38	-52.5
10.028220000000001	63.18	-53.1	37.52	22.96	-2.78	22.14	-55.86	-21.84	-38.56
9.77003	61.72	-53.28	37.64	22.08	-3.06	23.5	-54.02	-21.86	-39.04
9.67823	62.42	-59.14	40.24	20.84	-3.0	23.96	-56.52	-20.12	-38.32
9.32111	60.38	-45.88	42.42	19.36	-3.1	1.94	-56.58	-22.98	-73.38
9.71482	55.22	-46.42	42.58	23.76	14.5	-0.16	-60.54	-16.24	-73.2
9.65578	57.26	-47.08	35.12	24.84	16.48	-0.04	-61.3	-17.96	-61.88
9.66178	56.86	-49.6	40.14	24.34	16.86	0.68	-58.0	-16.6	-61.94
9.850349999999999	54.96	-51.28	38.72	20.68	1.68	12.62	-63.04	-9.68	-59.54
9.27026	55.76	-52.68	42.18	17.98	5.06	-6.4	-64.42	-9.02	-74.46
9.785739999999999	58.78	-54.82	40.5	20.56	1.32	22.98	-66.02	-9.2	-44.38
9.88184	59.0	-56.9	36.1	18.94	-1.44	36.2	-60.12	-8.96	-29.22
9.5424	59.68	-54.36	34.2	18.14	-5.52	45.02	-56.62	-8.82	-13.4
9.46865	60.72	-58.28	33.62	17.5	-4.18	20.98	-34.54	-6.0	-12.74
9.61691	58.02	-56.28	31.14	17.98	-7.62	20.04	-55.84	-7.3	-10.9
9.42021	59.68	-55.44	32.88	16.46	-8.12	-7.56	-55.64	-9.06	-10.88
9.66405	57.96	-56.36	35.48	14.2	-4.08	-2.18	-54.98	-9.32	-11.84
9.50456	59.4	-57.8	41.64	13.52	-4.44	17.36	-59.72	-6.72	-14.32
9.7883	59.1	-56.66	42.06	12.96	-2.2	41.74	-58.9	-9.66	-16.0
9.66827	59.72	-56.92	43.9	11.48	-5.3	42.34	-59.64	-8.58	-17.06
9.21908	60.1	-56.54	45.96	11.5	-2.46	41.9	-61.96	-11.12	-16.06
9.81322	60.94	-58.1	47.0	11.1	-2.66	42.38	-62.2	-10.66	-15.92
9.772000000000002	60.58	-57.14	45.92	9.86	-1.98	42.6	-63.44	-11.46	-14.76
9.72754	60.52	-54.32	48.54	9.72	-0.34	46.68	-62.88	-9.66	-15.14
9.6388	60.18	-51.9	53.56	11.96	0.42	48.66	-61.6	-8.12	-24.42
9.60803	58.8	-54.3	53.76	12.6	-1.0	47.32	-63.34	-7.88	-25.9
9.27096	60.98	-56.04	50.38	10.9	0.12	44.18	-61.18	-6.92	-41.68
9.820050000000002	60.74	-55.84	49.54	13.7	-0.86	47.88	-66.24	-5.86	-14.04
9.80397	58.74	-56.0	47.96	14.14	-0.92	48.48	-52.24	-5.32	-10.74
9.822529999999999	57.64	-53.02	48.04	14.88	-0.76	46.38	-33.92	-6.82	-12.12
9.76563	58.32	-55.82	46.72	15.62	0.12	47.92	-16.38	-2.88	-12.42
9.49531	53.5	-52.8	45.78	15.42	-0.84	48.18	-35.58	-4.78	-12.6
9.39987	57.6	-50.8	47.36	13.34	0.16	48.04	-56.88	-6.34	-13.62
9.80493	57.68	-51.84	47.24	15.48	0.28	48.1	-57.36	-4.74	-14.12
9.78421	55.66	-51.98	43.8	13.48	-3.0	49.18	-76.32	-3.78	-11.92
9.672109999999998	54.36	-50.58	43.32	15.46	-1.74	40.04	-71.48	-5.42	-12.16
9.14036	58.42	-49.4	43.12	19.5	2.6	31.18	-74.08	-5.4	-16.96
9.6339	59.64	-51.7	42.54	20.3	4.28	31.92	-71.18	-5.14	-20.86
9.91897	61.0	-54.44	40.98	23.32	-0.32	38.8	-71.76	-6.88	-16.68
9.66393	60.96	-52.78	39.54	24.24	-2.74	40.54	-73.92	-6.52	-17.58
9.45705	57.62	-52.62	42.06	25.34	-0.2	30.82	-69.52	-4.92	-19.98
9.53204	62.52	-53.84	41.42	23.96	1.08	24.56	-79.76	-4.26	-24.84
9.6812	63.78	-56.74	45.36	22.0	5.66	19.12	-80.94	-6.02	-30.74
9.68969	63.68	-54.94	45.46	26.34	-5.92	25.02	-80.72	-7.58	-30.12
9.77225	67.32	-54.72	45.92	21.84	6.98	17.9	-84.08	-9.52	-31.22
9.84905	66.46	-46.56	43.62	23.24	6.48	18.44	-82.42	-11.48	-25.66
9.53454	70.66	-53.32	47.92	21.46	10.74	7.66	-87.52	-10.14	-23.78
9.77669	65.54	-53.24	47.66	26.64	10.5	12.02	-87.38	-10.8	-25.3
9.44548	69.12	-52.38	45.14	20.44	13.38	10.3	-82.56	-10.68	-25.58
9.89186	60.58	-55.78	46.98	21.5	8.18	15.58	-50.8	-10.76	-23.04
9.7226	59.36	-52.74	43.24	20.8	7.4	15.1	-82.06	-8.82	-25.36
9.324649999999998	60.42	-52.56	47.86	21.6	6.1	14.4	-82.12	-10.86	-25.44
9.65723	60.28	-55.88	47.26	23.08	8.3	15.04	-79.08	-16.06	-22.52
9.97021	60.22	-56.06	43.96	26.08	4.48	16.06	-64.58	-15.88	-23.78
9.99888	59.9	-56.76	47.62	28.16	9.46	17.36	-42.98	-18.26	-24.54
9.434610000000001	60.0	-57.46	40.46	31.62	10.76	15.54	-63.38	-17.26	-22.92
9.97805	60.5	-57.36	44.46	35.46	10.76	16.82	-44.3	-17.52	-22.36
9.861059999999998	60.74	-57.92	49.66	32.56	10.36	16.56	-4.0	-18.82	-21.7
9.79323	62.4	-57.52	40.36	29.38	11.14	16.14	-50.24	-15.8	-21.62
9.77938	63.18	-58.1	30.06	27.96	11.2	13.92	-48.84	-14.5	-21.58
9.583940000000002	63.12	-55.82	39.88	28.42	9.54	13.68	-23.14	-17.2	-22.26
9.53808	64.76	-58.1	45.64	28.16	11.02	14.7	-34.36	-16.26	-22.3
9.8423	64.72	-57.98	46.24	26.94	10.48	15.02	-47.1	-16.1	-24.62
9.62455	61.92	-54.4	52.44	30.8	8.78	14.58	-1.86	-18.14	-24.54
9.79639	59.08	-53.2	55.04	30.64	9.06	14.12	-2.12	-17.14	-24.16
9.620899999999999	61.14	-54.46	48.88	29.6	10.04	14.24	-21.14	-15.94	-25.26
9.80679	60.8	-58.0	40.34	24.46	12.3	-4.06	-64.86	-13.32	-22.22
9.590169999999999	66.7	-58.38	42.14	26.12	14.04	-4.46	-64.9	-11.96	-19.56
9.80849	64.24	-54.06	47.72	25.12	9.24	-6.78	-39.04	-12.94	-17.36
9.69437	66.96	-56.96	46.12	22.96	8.96	-24.68	-66.8	-13.8	-17.78
9.72777	66.56	-56.2	51.06	25.96	5.92	-46.28	-68.22	-14.08	-21.38
9.851320000000001	67.5	-63.0	49.34	21.4	4.58	-45.44	-68.9	-14.92	-22.06
9.415899999999999	58.9	-59.14	58.84	37.8	3.52	-27.38	-18.22	-14.4	-23.6
9.343399999999999	64.46	-58.68	59.62	37.74	4.72	-24.7	-17.92	-17.98	-22.8
9.80588	67.88	-58.9	56.62	29.7	2.46	-46.54	-45.76	-18.08	-23.1
9.90481	67.98	-58.82	57.62	28.62	3.66	-46.54	-43.82	-18.12	-22.86
9.826130000000001	73.6	-66.98	53.62	13.62	1.14	-88.96	-74.86	-19.44	-23.8
9.683	74.46	-67.76	55.6	17.24	-0.2	-89.28	-77.38	-11.92	-22.86
9.826519999999999	71.56	-67.12	57.54	14.6	-0.06	-88.7	-56.32	-15.74	-24.68
9.83438	70.5	-64.76	60.58	12.92	1.32	-85.74	-34.52	-15.62	-25.56
9.720289999999999	71.22	-67.12	59.66	12.8	0.16	-83.76	-12.38	-15.5	-25.62
9.9496	65.82	-65.22	58.72	12.42	0.96	-89.08	-35.34	-14.04	-28.3
9.443769999999999	69.56	-65.26	60.58	13.04	4.12	-89.44	-36.26	-14.12	-27.78
9.675419999999999	67.26	-66.92	60.0	13.46	-0.98	-87.74	-59.82	-12.88	-28.98
9.65531	66.38	-64.28	54.06	13.36	1.54	-87.98	-61.12	-12.1	-38.0
9.5957	66.36	-64.82	57.66	13.78	2.8	-88.64	-39.82	-11.62	-40.86
9.674299999999999	69.74	-64.3	56.92	14.78	1.68	-89.0	-39.86	-11.92	-41.92
9.812539999999998	67.34	-60.92	56.42	14.5	3.4	-86.12	-35.16	-8.44	-46.1
9.552139999999998	69.48	-63.48	61.94	13.76	4.62	-85.02	-10.22	-12.16	-55.68
9.53779	70.68	-63.28	59.68	12.32	3.1	-85.72	-14.48	-11.02	-55.2
9.672199999999998	71.14	-63.88	62.04	15.32	3.7	-86.46	-8.22	-10.88	-55.8
9.6729	71.3	-64.94	68.58	14.46	5.32	-88.82	13.14	-12.76	-58.16
9.82817	74.6	-65.22	69.46	16.08	5.56	-88.94	14.06	-13.94	-31.64
9.811169999999999	76.22	-64.84	67.34	15.78	5.78	-87.0	20.02	-14.74	-58.58
9.84671	76.32	-65.26	64.18	16.6	3.76	-83.0	24.12	-13.24	-55.9
9.59743	73.72	-65.2	69.86	14.48	3.74	-84.08	23.78	-12.94	-57.54
9.63765	70.64	-68.0	73.38	15.04	3.32	-86.98	11.96	-12.58	-57.46
9.204450000000001	71.16	-67.84	75.96	14.94	4.98	-87.42	10.18	-14.1	-58.48
9.620600000000001	71.62	-65.82	71.52	15.92	5.36	-86.08	9.96	-18.48	-58.26
9.61943	71.0	-66.56	72.38	15.38	6.56	-89.24	9.26	-21.72	-56.4
9.67122	72.02	-65.0	73.64	14.18	6.26	-87.02	13.84	-26.82	-50.88
9.853540000000002	70.9	-61.94	74.4	16.0	6.76	-86.44	13.38	-27.32	-47.96
9.71293	71.44	-66.9	73.26	11.32	6.28	-86.98	11.14	-28.22	-48.52
9.54083	70.56	-65.34	72.56	7.58	6.64	-86.16	18.52	-29.1	-50.54
9.565710000000001	71.76	-65.6	74.18	-0.64	7.5	-84.62	17.02	-28.28	-52.98
9.59065	67.8	-67.32	75.7	1.3	5.28	-84.7	17.02	-29.58	-53.64
9.36012	72.42	-66.84	81.18	-17.88	4.3	-84.98	9.82	-33.48	-57.32
9.416179999999999	70.7	-68.14	91.82	-24.8	5.28	-79.12	6.92	-32.72	-51.04
9.65667	69.76	-69.7	94.82	-27.3	4.24	-60.76	6.86	-31.26	-50.48
9.310220000000001	73.12	-67.16	99.18	-27.36	1.72	-64.62	2.8	-30.32	-48.54
9.80275	77.34	-70.5	98.42	-25.66	3.84	-79.46	3.22	-28.42	-46.2
9.656939999999999	75.84	-69.32	97.92	-25.96	4.48	-84.32	1.06	-28.1	-48.24
9.76474	77.26	-69.4	92.9	-26.18	3.92	-84.5	1.2	-26.76	-48.12
9.674540000000002	83.96	-67.6	78.94	-25.52	0.92	-82.26	4.86	-23.14	-56.62
9.53443	84.24	-72.44	97.78	-25.88	2.22	-79.02	3.16	-22.16	-54.02
9.654839999999998	81.72	-70.26	93.92	-25.2	-1.94	-84.78	5.58	-23.68	-54.08
9.463	81.74	-71.8	94.98	-28.3	-0.12	-85.66	4.64	-25.56	-56.6
9.698820000000001	80.52	-70.84	92.3	-25.82	1.16	-87.3	2.54	-23.78	-58.76
9.697189999999999	80.18	-73.86	99.08	-25.64	1.36	-86.86	0.42	-24.18	-56.5
9.71409	82.66	-75.14	93.24	-26.52	4.26	-91.88	1.78	-22.96	-57.32
9.72177	84.24	-74.62	94.26	-25.16	2.46	-85.04	3.66	-29.0	-59.32
9.76023	85.78	-74.04	89.84	-27.64	1.78	-88.18	10.74	-29.5	-60.5
9.741309999999999	85.32	-72.38	88.56	-22.52	1.04	-90.7	-1.86	-26.68	-61.42
9.75826	79.56	-74.88	89.82	-23.08	2.34	-81.7	0.54	-26.48	-65.78
9.6188	83.14	-72.66	89.5	-25.98	-2.84	-82.9	0.94	-25.02	-65.6
9.639890000000001	81.72	-73.3	83.44	-27.08	-1.48	-88.8	-0.46	-13.58	-47.78
9.40789	82.82	-68.82	80.58	-40.38	-1.72	-92.72	-0.38	-2.86	-47.3
9.40597	81.56	-69.4	77.68	-42.2	-0.06	-92.22	0.56	-1.74	-47.82
9.112219999999999	83.5	-73.24	83.42	-27.08	2.28	-95.68	0.38	2.34	-71.86
9.625409999999999	83.28	-68.9	83.74	-23.58	1.9	-89.14	0.26	21.46	-72.76
9.41621	82.84	-70.84	85.56	-22.68	3.82	-90.82	2.16	20.02	-71.78
9.550859999999998	84.1	-70.42	80.66	-23.16	3.46	-89.68	0.16	21.82	-71.08
9.50081	77.52	-69.68	83.56	-24.48	1.54	-92.68	0.78	21.4	-69.84
9.19661	71.48	-66.72	83.18	-26.1	8.08	-90.48	2.74	18.26	-69.52
9.32031	75.02	-66.6	80.88	-26.5	7.24	-91.78	4.74	16.9	-67.72
9.53422	71.52	-66.52	70.28	-28.62	7.7	-93.82	5.06	15.56	-44.3
9.38541	73.82	-67.84	70.82	-25.52	10.72	-92.2	0.38	16.18	-68.16
9.55736	72.92	-65.74	61.4	-23.4	7.48	-95.48	3.06	15.84	-69.0
9.43099	73.76	-66.08	68.84	-25.6	5.54	-100.0	3.42	15.9	-60.82
9.60418	73.88	-64.38	82.58	-27.48	5.92	-101.32	4.86	18.54	-57.66
9.45238	73.02	-63.2	84.82	-32.96	7.62	-102.56	5.3	15.14	-60.5
9.49121	72.92	-65.28	85.36	-30.3	5.72	-97.4	9.08	18.42	-64.4
9.37909	76.38	-68.48	85.98	-28.64	7.06	-100.08	7.04	18.78	-61.34
9.502849999999999	78.84	-70.28	87.18	-24.52	7.48	-91.18	8.0	18.88	-43.8
9.585609999999997	79.32	-69.76	87.2	-23.18	7.96	-64.46	7.96	21.46	-66.9
9.062460000000002	78.88	-69.82	87.0	-22.82	9.2	-63.76	7.62	20.84	-64.28
9.175	76.24	-69.94	87.14	-22.74	8.68	-64.96	6.52	21.48	-43.4
8.799999999999999	78.44	-69.32	81.06	-23.06	7.74	-63.34	8.34	20.54	-67.02
8.7305	76.32	-71.32	87.0	-21.6	8.16	-63.38	8.64	20.64	-67.4
8.928960000000002	77.64	-68.74	83.88	-11.42	10.08	-66.8	8.28	21.28	-66.8
8.965119999999999	73.9	-68.42	83.74	-12.92	11.22	-68.88	13.62	21.4	-67.4
8.86538	75.06	-68.7	83.12	-3.54	11.28	-67.3	10.64	22.16	-67.04
9.023639999999999	73.84	-68.52	85.62	12.84	7.66	-65.72	10.06	21.28	-71.3
9.0102	67.78	-68.6	81.96	16.66	9.42	-66.62	12.96	22.0	-72.56
8.73496	72.58	-71.2	83.04	30.26	4.92	-66.56	15.28	21.78	-73.54
8.73812	73.98	-71.24	82.32	30.26	4.22	-68.1	12.64	19.78	-74.06
8.9064	74.72	-69.02	78.9	30.4	4.64	-68.38	15.12	21.44	-76.78
8.932	75.06	-72.74	80.28	32.22	5.26	-68.96	17.94	20.0	-70.36
9.00514	76.18	-71.4	75.72	32.68	3.46	-66.64	15.32	22.16	-74.54
9.02232	71.72	-69.88	72.86	32.78	1.92	-67.94	15.34	20.42	-70.4
8.74952	79.48	-72.32	75.44	35.36	-1.62	-70.36	21.42	16.34	-66.56
9.00166	78.28	-74.16	73.3	33.86	0.18	-69.46	20.0	19.32	-63.3
9.15976	77.46	-73.42	71.96	30.44	-1.42	-71.66	25.34	14.54	-63.58
9.15694	77.44	-70.08	73.58	31.6	0.22	-71.3	21.68	16.54	-63.24
8.97726	81.62	-68.82	70.82	25.7	0.24	-72.28	9.18	14.3	-62.68
9.138720000000001	82.54	-75.74	72.26	27.6	5.58	-75.42	-18.3	19.16	-63.2
9.0351	82.88	-75.58	72.18	27.22	4.72	-75.4	-16.58	18.32	-66.84
8.873040000000001	85.72	-73.04	71.6	31.08	6.54	-71.86	2.86	21.2	-64.52
9.162180000000001	70.38	-61.2	69.42	30.04	0.22	-71.24	-16.22	17.16	-59.12
8.80802	87.08	-73.8	71.0	29.1	1.02	-69.06	-2.62	20.5	-64.54
8.882959999999999	89.82	-72.68	72.04	28.82	0.48	-73.54	-3.1	20.16	-63.42
9.07832	91.0	-73.96	68.42	31.16	9.04	-73.1	12.68	19.06	-63.14
9.095400000000001	88.62	-77.48	70.92	29.84	6.5	-75.68	10.22	23.74	-62.76
9.16446	87.26	-74.78	71.02	34.56	7.62	-79.08	30.4	24.64	-62.94
8.885340000000001	94.0	-77.34	70.14	35.96	4.86	-78.9	44.24	25.14	-62.98
8.89386	94.24	-75.62	69.62	35.02	9.84	-78.98	31.62	25.74	-59.82
9.077940000000002	94.22	-76.12	65.02	34.44	12.24	-79.56	32.38	24.06	-63.02
9.088119999999998	95.72	-76.1	67.84	36.22	11.32	-79.32	33.3	26.7	-59.94
9.212200000000001	90.76	-76.28	68.52	32.82	14.42	-79.18	32.38	23.08	-59.08
9.01378	92.16	-77.2	70.46	38.1	14.94	-76.62	31.08	27.74	-66.96
9.150559999999999	89.34	-77.12	69.54	35.04	8.6	-73.84	33.42	32.2	-66.3
8.899099999999999	94.04	-79.52	68.6	43.2	13.78	-73.66	29.04	32.86	-63.08
9.23136	91.14	-79.12	65.16	35.62	12.52	-73.54	32.86	31.26	-61.44
8.8423	94.0	-79.82	67.84	34.6	12.48	-74.38	30.0	29.82	-62.02
9.16568	94.26	-80.02	68.42	34.42	12.84	-74.68	30.04	12.98	-62.2
9.13664	94.48	-79.76	68.36	36.5	13.42	-73.98	26.78	12.34	-61.5
9.1	89.46	-80.2	65.66	41.92	13.9	-77.08	28.38	14.26	-61.02
9.02052	93.66	-80.96	63.54	45.12	16.92	-78.22	29.12	-3.48	-60.08
9.17756	93.66	-81.42	63.1	46.54	15.38	-78.94	28.68	-3.24	-60.12
9.034799999999999	93.52	-75.98	64.06	37.34	16.5	-77.12	25.04	-28.78	-66.3
9.211500000000001	90.38	-76.52	65.3	29.84	17.42	-80.38	23.96	-28.94	-64.84
9.055860000000001	92.96	-80.6	64.56	38.66	18.02	-77.32	22.58	-28.92	-64.86
9.06716	91.28	-78.76	63.7	29.96	16.22	-78.94	25.2	-26.42	-65.46
8.95638	96.8	-74.2	68.9	23.62	20.8	-84.4	19.34	-69.66	-72.16
9.30494	93.72	-72.46	69.08	17.74	22.38	-85.18	17.98	-70.14	-66.96
9.095460000000001	96.16	-75.18	67.98	6.86	22.6	-95.8	12.46	-68.74	-58.64
9.0341	97.66	-73.86	67.2	-4.06	19.98	-91.94	9.28	-69.76	-68.9
9.0541	98.74	-73.26	67.9	9.66	23.82	-93.56	9.1	-71.2	-68.4
9.282540000000001	95.68	-74.36	69.1	5.78	23.84	-94.58	10.64	-70.66	-69.02
9.12014	99.8	-73.58	66.34	6.6	21.06	-93.94	9.86	-73.26	-70.28
9.2278	100.28	-73.84	68.72	7.78	22.42	-92.24	6.6	-69.76	-71.0
9.26856	102.58	-71.26	68.16	8.12	22.94	-92.86	5.94	-41.9	-68.12
9.13144	103.52	-73.24	68.16	8.02	20.84	-92.46	6.2	-41.98	-69.82
9.15126	98.34	-72.82	70.8	7.14	21.78	-93.08	6.64	-42.84	-45.76
9.1121	98.32	-73.14	67.74	5.86	21.9	-87.76	4.34	-43.58	-45.78
9.0307	101.94	-72.5	69.7	8.0	22.78	-87.46	3.76	-40.5	-44.22
9.1373	103.24	-73.44	67.8	8.8	22.56	-85.14	4.34	-73.92	-43.52
9.20496	103.94	-72.18	63.96	9.26	20.4	-86.86	5.54	-74.84	-38.66
9.219919999999998	103.72	-69.4	68.32	12.16	19.74	-83.56	5.32	-71.3	-66.84
9.2212	108.22	-68.2	70.78	11.66	12.0	-81.28	5.48	-73.82	-70.54
9.36242	108.14	-67.44	70.16	10.92	13.96	-76.48	4.1	-71.66	-71.02
9.379719999999999	105.06	-67.3	66.74	10.9	19.76	-58.42	4.72	-73.96	-67.78
9.355640000000001	103.76	-69.66	67.74	9.4	19.74	-81.6	9.8	-74.1	-65.66
9.09932	105.18	-67.38	60.42	13.9	24.46	-87.28	10.66	-76.38	-60.62
9.3554	103.36	-68.22	61.08	9.44	25.12	-76.6	9.48	-71.58	-62.08
8.998540000000002	105.62	-67.44	59.52	11.28	25.56	-86.94	8.08	-72.62	-61.0
9.21734	105.0	-71.0	57.18	11.64	24.66	-83.86	6.54	-73.32	-60.16
9.22314	102.5	-69.16	54.28	14.0	25.84	-76.3	5.28	-73.26	-60.72
9.06162	102.58	-73.78	54.8	13.22	24.34	-82.06	4.04	-72.72	-64.7
9.18692	104.56	-69.82	56.64	14.28	25.68	-73.9	8.36	-78.28	-63.08
9.27248	103.34	-66.38	56.68	13.72	24.28	-75.74	14.62	-79.36	-64.74
8.9482	107.5	-67.92	55.76	13.92	23.56	-77.5	15.0	-75.98	-66.42
9.21124	102.92	-67.3	50.24	14.7	25.28	-79.24	16.62	-77.86	-64.56
8.698120000000001	106.74	-67.94	57.74	16.88	21.8	-79.92	15.4	-81.84	-64.54
8.8484	118.46	-65.94	55.22	18.32	20.82	-76.68	13.36	-82.38	-69.62
9.23146	111.52	-64.26	55.3	18.18	22.9	-81.68	11.0	-83.26	-69.82
9.084060000000001	111.92	-65.26	56.74	13.82	21.52	-77.2	10.26	-78.62	-68.02
9.164060000000001	106.72	-65.88	56.86	17.34	20.68	-82.58	12.74	-80.4	-69.0
8.87398	109.2	-66.06	56.5	15.62	14.66	-77.14	12.96	-86.16	-65.04
9.24966	104.7	-64.26	60.04	12.16	9.08	-73.88	11.72	-85.4	-63.56
9.07692	108.9	-66.54	61.7	10.16	13.24	-74.28	2.56	-85.06	-63.42
9.2933	108.62	-66.4	62.72	12.5	12.84	-72.5	1.18	-84.8	-61.1
9.2093	110.06	-58.86	64.2	17.58	10.08	-80.64	-20.44	-83.02	-64.94
9.263060000000001	108.08	-61.82	64.92	19.72	10.3	-80.86	-23.92	-81.86	-65.16
9.13882	109.58	-58.42	66.26	21.72	7.96	-83.76	-27.82	-69.86	-69.12
9.0567	110.7	-64.36	63.96	30.38	6.44	-83.9	-23.28	-84.06	-68.24
9.32528	109.42	-60.66	65.08	19.56	6.72	-85.42	-28.7	-82.24	-65.72
9.196720000000001	108.86	-62.3	64.92	19.7	8.08	-85.94	-36.26	-78.7	-65.02
9.232199999999999	107.48	-53.66	64.54	20.16	9.44	-84.7	-40.9	-79.96	-65.78
9.31546	107.42	-56.26	66.56	19.92	8.66	-86.06	-43.12	-77.92	-64.9
9.14362	108.3	-55.62	64.02	20.72	9.42	-81.22	-44.7	-78.78	-64.86
9.21014	107.74	-56.7	62.36	16.34	10.6	-87.58	-44.68	-75.28	-64.5
9.27834	104.64	-57.54	58.92	22.94	16.84	-89.5	-46.56	-76.88	-61.32
9.03184	106.46	-56.88	54.8	21.5	18.36	-86.24	-46.16	-77.88	-63.16
9.21342	106.58	-56.1	56.88	21.48	18.68	-72.66	-46.88	-75.76	-62.22
9.13208	105.38	-60.88	56.94	24.76	26.28	-75.18	-46.1	-79.9	-62.0
9.15048	105.18	-58.18	53.12	27.32	26.96	-53.42	-42.94	-77.46	-61.24
9.23848	101.92	-57.74	56.56	29.94	26.48	-54.1	-41.88	-76.44	-59.42
8.913780000000001	106.22	-59.3	55.6	27.1	26.8	-39.86	-37.46	-81.98	-60.92
9.22702	107.14	-57.86	57.16	27.68	27.16	-38.48	-36.3	-80.96	-61.24
9.22166	106.48	-56.7	61.02	25.44	27.16	-46.02	-26.62	-81.08	-61.78
9.100560000000002	111.04	-70.92	63.4	23.32	22.94	-66.26	-33.08	-85.36	-60.1
9.22448	108.46	-65.58	61.3	23.94	32.14	-46.42	-30.0	-83.7	-33.22
9.2109	110.66	-71.88	65.58	26.24	30.82	-65.94	-19.38	-85.42	-33.24
9.164819999999999	103.4	-57.86	59.86	27.26	32.86	-24.32	-19.08	-84.06	-1.7
9.019960000000001	103.66	-59.74	58.86	27.6	31.0	-22.74	-14.26	-82.6	-2.72
9.05514	104.1	-63.28	59.06	26.08	33.68	-21.06	-19.06	-84.38	-2.46
9.23596	104.76	-62.56	59.86	26.46	34.64	-22.3	-20.22	-80.48	-2.94
9.37968	106.3	-61.06	59.28	26.86	34.68	-22.52	-19.94	-80.22	-4.18
9.137459999999999	107.06	-63.2	57.22	23.88	35.58	-41.58	-10.86	-82.9	22.92
9.07146	109.92	-71.32	67.62	24.04	27.72	-59.76	-0.96	-83.78	-6.58
9.07978	113.28	-66.96	67.44	24.4	30.5	-53.82	0.16	-83.08	-3.4
9.06668	114.32	-63.82	58.42	19.22	36.92	-24.04	-20.6	-84.52	56.5
9.201020000000002	108.96	-70.12	65.48	20.04	27.06	-59.02	2.3	-85.42	-8.16
8.951099999999999	101.9	-74.96	67.2	20.84	27.5	-77.22	13.8	-84.64	-38.58
8.615920000000001	113.1	-67.8	62.82	20.84	27.72	-58.94	1.44	-81.44	-7.1
9.13332	114.0	-68.6	63.7	21.58	27.86	-56.1	3.8	-49.3	-8.6
9.09228	115.34	-65.64	60.42	24.38	32.68	-39.34	-6.8	-80.14	21.8
9.23132	115.48	-57.64	54.16	26.88	41.58	-5.3	-24.42	-72.4	82.0
9.18956	112.2	-58.06	57.4	26.12	39.32	-2.44	-23.48	-76.04	80.54
8.965259999999999	111.82	-58.28	58.24	26.1	38.9	-1.0	-21.54	-79.06	81.96
9.177719999999999	111.6	-57.36	58.86	20.86	37.94	0.1	-23.68	-75.46	80.74
9.04392	113.34	-58.44	54.7	21.06	39.22	-1.18	-20.84	-78.08	81.18
9.177280000000001	113.92	-58.52	54.86	21.22	37.28	-1.92	-22.98	-76.44	83.04
9.217220000000001	116.38	-57.8	52.0	20.22	40.86	-4.8	-22.48	-75.86	80.68
9.32714	115.18	-57.36	51.36	19.72	41.5	-3.66	-21.6	-77.2	83.4
9.33586	110.36	-56.5	51.06	19.92	39.78	-2.42	-21.16	-77.14	83.32
9.01496	115.48	-58.9	49.56	18.36	42.86	-2.84	-21.3	-77.44	82.0
9.269919999999999	114.3	-59.74	51.52	19.08	40.74	-3.54	-19.88	-79.52	81.86
9.14836	111.82	-58.24	51.16	26.5	38.76	-3.26	-15.82	-79.78	84.16
9.18062	109.12	-59.92	53.14	24.54	38.54	-4.08	-18.18	-80.58	78.04
9.17496	104.0	-61.74	51.02	28.48	37.4	-2.94	-23.92	-76.36	80.22
9.046380000000001	101.98	-61.64	50.4	27.56	40.76	-3.24	-25.1	-79.88	78.66
8.960799999999999	104.54	-63.04	52.96	26.26	38.8	-4.12	-23.84	-77.3	78.16
9.21972	105.1	-62.1	51.3	25.4	39.22	-4.64	-25.42	-76.62	77.76
9.323640000000001	97.22	-58.96	49.34	26.06	36.7	-2.84	-25.64	-78.2	81.38
8.802359999999998	105.0	-59.96	41.76	25.08	39.08	-0.14	-24.86	-79.66	80.4
9.031460000000001	103.42	-57.56	54.36	25.46	38.98	-1.28	-19.02	-80.32	80.42
9.22176	100.02	-57.0	50.66	23.6	43.86	-2.48	-23.66	-79.98	79.88
8.97918	102.38	-57.5	37.4	28.92	41.28	-1.26	-23.82	-81.12	78.38
9.07184	103.58	-59.46	53.06	21.88	43.04	-2.24	-24.22	-79.7	76.94
9.27422	104.22	-60.74	55.58	27.08	44.56	-1.9	-24.0	-78.74	75.62
9.21612	104.52	-60.12	55.0	27.88	42.82	-1.78	-25.18	-78.18	77.5
9.17412	104.9	-59.3	55.14	30.9	43.78	0.32	-39.22	-76.26	81.46
9.202900000000001	106.36	-62.8	57.24	33.9	45.84	0.34	-54.76	-75.38	84.44
9.25664	105.74	-60.34	57.1	36.16	45.9	-2.18	-56.0	-46.98	81.56
9.15476	107.94	-64.62	59.98	35.48	42.7	-1.22	-81.9	-42.96	82.46
9.05478	103.54	-64.34	59.72	35.0	43.5	-0.9	-94.86	-12.82	73.86
9.064540000000001	106.24	-68.06	58.44	32.82	43.72	-1.52	-88.38	-47.64	81.12
9.36064	106.32	-67.7	58.58	33.14	41.42	-5.52	-88.1	-47.16	81.66
9.30204	106.46	-62.34	60.36	32.9	37.82	-1.74	-87.44	-47.92	77.8
9.1476	105.84	-66.62	61.74	30.98	43.58	-1.56	-89.84	-75.42	82.66
9.15644	102.86	-63.98	62.24	30.72	41.32	-6.54	-91.04	-76.34	82.18
9.048860000000001	107.92	-62.66	62.58	32.04	41.34	-5.7	-72.94	-81.72	80.94
9.3096	103.18	-64.08	63.26	33.74	43.18	-7.9	-94.82	-83.02	82.22
8.97482	107.18	-63.88	62.92	26.32	42.46	-7.44	-92.12	-78.82	80.4
9.29792	100.8	-64.34	62.74	29.78	39.74	-6.9	-93.28	-81.68	82.7
9.086	103.26	-63.3	59.02	27.86	38.38	-8.1	-89.46	-75.86	82.1
9.057260000000001	106.32	-65.18	61.56	26.0	40.1	-6.6	-93.3	-66.56	70.2
9.396700000000001	102.26	-65.14	61.98	26.92	39.12	-6.02	-92.78	-57.14	57.88
9.01852	105.3	-60.52	61.28	26.16	38.92	-7.52	-91.12	-67.16	57.64
9.181640000000002	103.9	-68.86	59.96	26.12	40.02	-5.86	-91.6	-69.18	47.36
9.145859999999999	99.36	-76.02	57.44	29.58	40.56	-2.34	-87.52	-78.84	25.44
9.048900000000001	96.66	-75.22	55.92	28.96	41.0	-4.78	-84.78	-79.54	27.32
9.029340000000001	96.16	-74.78	50.84	30.32	39.92	-6.84	-87.36	-72.66	23.6
9.22726	87.32	-76.52	53.68	29.58	40.12	-7.86	-86.82	-72.0	27.94
8.740520000000002	95.48	-77.22	54.08	28.82	40.34	-10.16	-91.24	-71.94	28.92
9.15544	99.24	-76.74	59.78	28.56	36.72	-9.68	-92.32	-69.92	32.06
9.36362	98.96	-76.84	54.36	27.52	35.54	-8.72	-90.66	-71.6	32.22
9.305399999999999	99.14	-74.88	56.5	21.94	12.82	-11.92	-85.84	-60.62	45.9
9.32774	94.02	-69.02	55.28	20.62	38.8	-15.86	-84.34	-44.58	49.96
8.98808	88.7	-72.06	56.48	19.98	37.46	-16.58	-79.36	-43.76	49.16
8.80898	97.56	-74.34	56.12	21.6	38.76	-17.98	-82.22	-44.8	50.08
9.24852	93.4	-75.38	55.64	23.12	40.3	-19.7	-83.86	-58.44	48.04
9.114980000000001	96.18	-74.96	55.34	25.42	37.48	-17.34	-85.38	-60.28	51.92
9.28222	94.48	-74.54	58.1	31.1	37.94	-16.32	-85.96	-63.0	50.34
9.21256	97.74	-72.32	59.9	33.84	36.98	-20.6	-87.96	-64.56	40.18
9.250520000000002	94.16	-70.62	58.56	33.84	36.16	-14.94	-84.56	-64.44	53.12
9.00064	92.92	-73.38	55.6	33.44	37.34	-15.46	-84.68	-66.46	51.3
9.32506	94.76	-74.64	53.24	32.4	38.12	-14.12	-82.38	-66.54	51.38
9.26684	97.26	-71.76	51.74	31.98	38.98	-12.94	-82.3	-70.14	43.78
9.28744	97.46	-74.2	43.68	32.26	35.16	-12.88	-81.54	-72.8	22.96
9.246400000000001	96.94	-74.56	41.38	32.44	35.44	-16.84	-79.12	-73.62	23.34
9.17698	96.06	-72.14	40.5	33.2	35.82	-15.48	-79.92	-75.22	22.14
9.17366	99.78	-74.76	30.72	34.86	34.22	-17.38	-78.44	-72.94	18.6
9.31586	100.28	-74.2	28.38	34.2	29.92	-19.08	-71.72	-69.94	38.48
9.2745	96.54	-74.36	26.54	32.0	33.34	-18.32	-82.28	-64.24	36.78
9.04372	99.68	-71.34	23.98	29.72	32.24	-19.02	-80.84	-61.28	33.74
9.11532	97.38	-72.68	23.42	34.2	32.56	-19.38	-81.58	-58.2	35.24
9.24704	99.72	-67.64	22.5	32.72	34.14	-24.18	-80.14	-61.06	34.3
9.2377	99.62	-71.5	22.32	26.84	31.12	-25.64	-80.82	-58.56	35.42
9.19384	99.58	-67.04	21.66	23.42	30.22	-28.66	-74.86	-40.14	35.18
9.1265	100.98	-60.46	23.48	21.06	30.5	-25.8	-75.7	-54.72	32.64
9.18342	102.38	-59.2	24.46	17.44	29.48	-29.06	-59.82	-54.78	29.88
9.175839999999999	101.22	-59.0	26.02	16.42	29.24	-31.6	-41.3	-50.98	30.8
9.18452	99.14	-64.02	26.32	16.28	26.04	-33.48	-29.1	-44.26	34.86
9.32924	102.56	-59.56	25.94	16.94	29.62	-30.08	-42.82	-50.34	32.08
9.32572	99.56	-63.6	28.84	16.18	30.22	-32.46	-8.8	-48.94	37.7
9.23174	99.94	-63.86	29.26	18.2	29.42	-30.16	-5.96	-50.38	36.42
9.256960000000001	93.64	-64.74	29.68	17.68	28.12	-32.28	7.6	-44.66	37.18
8.99854	87.62	-67.32	30.14	18.92	31.58	-33.56	4.06	-38.24	39.42
9.258420000000001	93.42	-67.54	34.18	18.32	30.66	-28.04	-9.6	-41.36	42.64
9.29342	92.92	-67.34	35.66	16.56	30.48	-25.96	-24.92	-36.78	42.04
9.289299999999999	86.9	-68.06	34.94	13.84	33.3	-28.78	-11.02	-19.72	44.42
9.03888	86.7	-68.84	33.58	12.96	34.58	-28.82	-11.76	-34.18	44.36
9.09502	85.86	-68.32	33.8	14.44	35.92	-29.22	-6.88	-33.06	42.74
9.2136	85.78	-66.76	33.28	16.24	37.46	-27.22	-2.98	-32.82	44.52
9.10728	81.24	-61.78	32.08	12.62	37.34	-28.08	26.04	-25.96	36.32
9.09502	80.7	-62.98	32.5	13.74	36.02	-27.72	28.46	-26.46	36.18
9.07722	81.68	-62.5	27.46	14.86	37.64	-31.18	36.6	-28.4	42.58
9.228879999999998	79.48	-58.18	29.16	13.58	40.58	-33.02	36.5	-28.64	49.6
8.978660000000001	81.26	-58.56	27.24	11.64	40.8	-28.9	36.46	-27.34	49.82
9.17118	85.54	-52.34	22.92	17.82	39.9	-26.86	36.82	-25.72	55.06
9.02472	81.34	-53.6	22.06	18.04	42.06	-23.88	39.76	-33.9	55.6
8.8017	86.58	-51.8	22.36	18.04	41.52	-22.42	39.8	-36.22	50.54
9.07034	88.32	-50.92	19.82	18.46	42.66	-18.78	38.48	-36.9	54.26
9.257359999999998	86.2	-56.72	17.22	18.52	43.52	-17.88	38.48	-43.2	53.34
8.97166	90.64	-58.3	23.9	18.7	42.76	-4.14	38.48	-41.26	49.3
9.23568	85.36	-58.38	15.28	20.12	43.54	-2.26	38.38	-44.76	37.2
8.90756	88.76	-58.96	20.84	20.5	46.68	-6.68	36.72	-43.96	22.44
9.195179999999999	82.8	-57.46	22.8	22.88	49.34	-12.68	35.32	-40.24	50.06
9.009300000000001	83.46	-57.0	22.12	22.86	47.9	-15.8	35.44	-40.68	46.26
9.07612	80.36	-53.14	22.2	25.54	47.92	-20.1	37.14	-39.82	50.3
8.7988	80.78	-57.68	19.06	23.4	51.16	-21.34	37.6	-39.66	51.16
8.939259999999999	82.5	-60.02	20.84	19.0	51.58	-10.1	39.98	-44.88	44.62
9.12634	78.88	-61.04	21.38	18.08	53.98	-10.56	39.92	-39.64	46.8
8.88502	82.7	-64.86	17.32	12.58	57.26	0.18	39.88	-43.28	43.58
8.96462	79.4	-62.38	27.54	20.48	45.28	-29.9	39.96	-36.74	50.94
9.06114	78.98	-66.54	24.6	16.48	45.46	-31.56	39.92	-38.26	54.64
8.75722	81.66	-65.18	27.92	18.66	45.62	-31.08	40.92	-38.26	54.08
9.03018	79.46	-67.1	25.48	22.74	47.76	-28.58	43.12	-37.94	56.9
8.94264	80.28	-67.78	24.6	21.8	46.1	-28.0	43.3	-38.84	62.76
9.21956	79.88	-68.74	25.4	22.38	48.0	-26.7	40.64	-40.06	63.02
9.11994	76.04	-69.72	25.74	22.4	51.62	-23.84	37.44	-43.82	73.1
8.82976	79.3	-68.12	24.44	33.8	55.78	-25.96	40.42	-47.06	84.42
9.029740000000002	74.02	-68.46	24.98	29.32	51.42	-26.5	40.28	-45.0	82.44
8.61464	80.28	-68.98	29.3	19.88	56.0	-27.64	41.12	-42.18	82.64
9.195060000000002	78.48	-63.96	29.1	20.3	57.6	-24.66	41.56	-46.4	86.04
8.987419999999998	78.42	-68.1	28.62	21.66	58.8	-25.92	36.9	-44.48	86.68
9.17076	75.84	-67.0	28.24	20.54	60.46	-22.92	39.0	-46.46	88.06
9.02684	77.86	-66.34	26.46	19.86	60.64	-22.42	40.2	-44.86	86.7
9.1576	79.78	-66.94	29.74	20.86	57.86	-24.96	43.68	-43.0	85.0
9.1834	81.06	-70.9	25.34	17.98	63.68	-16.86	45.42	-38.14	84.46
9.23778	81.1	-70.24	27.6	21.08	63.62	-16.18	42.64	-37.72	84.86
9.14498	82.78	-71.4	28.48	22.24	65.66	-13.42	45.36	-37.68	85.26
9.180200000000001	80.54	-71.42	26.62	23.62	67.58	-14.1	45.46	-36.52	85.5
9.17674	80.34	-71.16	27.22	21.56	65.44	-16.2	39.52	-40.48	87.06
9.111	77.6	-69.04	25.02	25.84	64.64	-17.64	44.24	-40.74	88.44
8.84542	80.4	-74.06	25.22	15.46	66.16	-11.3	43.26	-40.6	84.9
9.11204	77.46	-73.02	26.74	18.84	67.72	-13.36	42.76	-41.7	86.36
8.90766	81.22	-71.36	28.22	14.54	69.28	-10.44	39.8	-41.3	86.5
8.964680000000001	79.8	-73.12	27.96	14.78	72.08	-11.3	40.24	-39.84	84.24
9.21308	81.38	-73.66	28.86	11.1	65.44	-14.58	39.32	-42.0	84.16
8.90292	80.98	-70.6	28.56	15.24	69.98	-11.72	44.46	-40.48	86.48
8.68616	81.52	-71.84	28.12	14.3	65.98	-10.1	44.82	-42.46	89.22
9.22756	81.82	-71.9	25.76	15.56	67.9	-9.74	47.78	-43.08	86.48
9.264220000000002	81.94	-69.4	24.24	21.52	67.42	-8.58	43.26	-41.64	88.06
9.0392	82.04	-71.0	27.88	16.14	68.22	-10.0	45.7	-41.04	86.16
9.101220000000001	81.68	-71.12	25.04	21.64	68.8	-10.52	41.78	-39.34	88.0
9.2879	79.66	-64.28	24.6	26.38	61.8	-7.86	39.76	-34.14	87.26
9.00658	81.98	-64.56	22.88	30.66	69.8	-9.36	41.6	-37.5	81.02
9.224440000000001	80.34	-66.7	26.48	28.34	67.42	-7.82	39.44	-38.6	87.56
9.03518	80.74	-69.1	24.3	25.16	66.84	-7.82	37.06	-38.0	90.02
9.34474	80.98	-67.66	26.24	28.54	68.6	-7.24	34.8	-36.54	89.38
9.221820000000001	80.32	-72.0	21.1	26.5	65.88	-3.84	27.76	-36.02	86.92
8.990219999999999	77.82	-74.14	21.88	26.62	64.78	-6.56	12.48	-32.68	83.92
9.020899999999997	81.1	-72.88	21.74	26.3	65.7	-6.48	12.48	-36.44	80.64
9.065719999999999	81.48	-71.92	20.42	25.3	64.92	-5.96	11.26	-35.84	77.48
9.204880000000001	78.12	-71.36	22.34	25.4	64.18	-6.8	-9.2	-33.28	79.94
9.185759999999998	77.3	-67.12	21.92	27.18	61.26	-8.78	-29.48	-34.34	83.04
8.6536	80.0	-73.22	23.68	28.84	63.82	-6.52	-28.74	-34.04	83.64
8.9638	77.32	-70.36	24.86	26.02	64.52	-8.04	-5.82	-33.8	81.38
8.599739999999999	79.84	-75.58	29.84	31.5	64.84	-6.3	-5.58	-32.5	82.3
8.91474	79.9	-72.26	25.66	42.2	61.68	-5.82	-49.2	-36.92	91.84
8.771419999999999	77.38	-70.26	24.86	39.68	59.12	-5.48	-46.58	-34.64	92.3
8.693280000000001	79.52	-71.74	26.68	37.64	60.3	-3.84	-45.9	-39.34	92.28
8.98306	77.84	-70.5	24.88	36.96	59.72	-6.18	-30.56	-36.96	82.04
9.1365	78.14	-71.48	21.68	38.26	49.24	-4.22	-27.86	-36.68	84.12
9.069139999999999	81.22	-67.48	22.42	44.86	47.24	-5.16	-47.92	-38.22	89.48
9.1866	82.26	-74.38	21.2	46.22	22.68	-5.4	-60.5	-45.3	89.76
9.10716	80.1	-70.94	23.8	43.48	17.12	-5.54	-60.04	-49.28	89.98
8.7494	83.26	-73.74	24.5	42.5	14.86	-7.56	-60.5	-51.46	91.86
9.00352	85.24	-72.7	24.8	40.9	14.6	-7.26	-63.78	-55.76	93.52
9.29922	85.38	-71.0	24.44	42.64	16.86	-5.36	-58.6	-53.66	96.32
9.204939999999999	82.74	-70.84	22.7	44.68	17.66	-4.12	-65.84	-46.24	100.64
9.08892	83.5	-70.94	22.38	41.14	16.28	-0.14	-65.58	-40.68	98.9
9.097180000000002	86.6	-69.56	23.18	46.3	18.02	12.26	-65.5	-44.58	99.14
9.245619999999999	84.96	-70.56	22.6	49.5	15.72	-2.58	-61.54	-46.54	97.24
9.12196	88.06	-69.52	24.32	48.42	14.54	-2.82	-59.6	-48.22	85.9
9.18666	89.32	-68.58	25.96	46.84	12.28	-3.5	-55.28	-54.74	93.04
9.08324	88.82	-72.38	26.06	49.24	11.78	-2.1	-56.42	-54.04	93.6
9.31614	92.98	-71.04	27.98	50.8	11.96	-0.74	-53.08	-53.82	92.8
9.187840000000001	89.06	-72.38	27.48	52.24	11.98	-2.7	-54.62	-52.9	89.92
9.0375	93.42	-68.96	27.7	51.08	16.48	-1.02	-49.46	-53.16	95.38
9.114600000000001	88.12	-70.74	28.38	52.4	18.2	-3.76	-48.46	-54.3	88.36
9.01732	90.24	-71.42	25.56	46.74	17.22	-17.06	-49.06	-53.14	91.22
9.0707	89.9	-71.68	30.34	44.78	16.48	-30.66	-45.0	-50.12	91.76
9.171520000000001	88.82	-71.98	29.46	43.14	17.98	-27.46	-46.34	-52.4	89.66
9.1881	90.02	-70.22	25.4	43.14	18.0	-43.78	-50.58	-52.24	89.06
9.08722	89.98	-73.66	28.04	41.42	15.4	-44.82	-53.88	-51.02	91.88
9.129700000000001	87.24	-71.32	28.14	37.96	17.26	-43.36	-53.34	-51.34	92.68
8.77862	90.44	-70.3	30.72	41.5	19.06	-27.66	-35.36	-50.68	83.7
9.42476	92.9	-73.62	26.36	39.04	10.18	-51.06	-52.56	-32.44	95.3
8.87498	95.16	-65.46	26.88	42.96	7.9	-52.96	-53.0	-54.18	93.22
8.868780000000001	94.74	-68.74	25.94	39.48	8.46	-54.38	-54.16	-51.04	89.8
9.12886	90.74	-71.4	28.96	39.48	8.12	-52.0	-50.92	-53.62	90.38
9.19612	94.5	-70.86	31.62	38.36	1.6	-25.82	-49.88	-53.94	88.24
9.25344	94.72	-72.6	32.36	38.52	0.98	-28.64	-46.68	-53.96	90.92
9.181219999999998	90.32	-72.58	33.66	35.84	1.2	-13.68	-40.8	-50.86	87.14
9.13868	90.1	-71.84	25.1	38.32	2.96	-25.48	-45.48	-53.38	91.24
9.12676	88.0	-73.24	30.26	44.24	1.58	-39.7	-48.08	-56.12	95.88
8.90626	92.98	-73.7	29.34	52.08	5.26	-53.88	-52.02	-60.48	98.28
9.24934	90.3	-73.48	25.98	46.16	4.98	-42.62	-43.34	-53.94	97.4
9.27554	86.34	-70.14	30.22	38.4	5.56	-21.28	-24.9	-53.02	85.1
9.2252	88.0	-65.46	29.64	33.74	6.22	-10.8	-13.82	-47.5	81.64
9.022920000000001	92.36	-68.16	30.36	32.32	6.0	-12.24	-1.28	-20.86	81.6
9.32588	90.7	-67.94	31.18	31.78	8.0	-13.9	10.06	-28.8	80.24
9.19016	89.34	-69.34	28.8	29.7	8.46	-12.42	14.38	-23.76	76.52
9.3707	86.9	-66.7	32.46	29.1	7.42	-13.0	33.66	-52.22	80.98
9.2574	86.76	-68.84	30.4	25.62	7.78	-15.92	44.86	-58.86	85.68
9.37082	89.32	-69.66	30.64	22.22	8.52	-16.08	42.68	-56.5	79.42
9.40124	87.34	-68.94	32.0	24.46	8.52	-14.3	42.2	-59.16	83.3
9.22072	87.24	-63.82	32.96	23.62	9.2	-13.92	42.74	-56.64	85.66
9.228879999999998	89.32	-68.82	36.46	23.68	10.82	-12.56	44.84	-61.82	85.66
9.35944	89.3	-67.48	41.66	26.52	8.34	-12.5	42.88	-63.68	86.9
9.24844	88.84	-67.28	39.14	26.44	10.34	-12.16	43.52	-60.84	86.82
9.35096	91.06	-66.14	41.46	28.04	9.88	-11.96	43.2	-63.0	89.24
9.42494	89.58	-66.82	42.98	26.38	9.88	-14.42	45.88	-60.26	86.04
9.36364	90.0	-63.66	42.52	23.48	10.16	-14.86	40.62	-58.76	85.7
9.352820000000001	89.56	-63.58	41.92	21.86	11.12	-13.1	38.36	-61.36	71.48
9.177380000000001	89.44	-61.66	42.14	23.16	11.02	-13.34	37.94	-63.98	72.12
9.187119999999998	89.46	-63.84	42.54	24.0	10.88	-12.54	34.78	-65.56	73.28
9.274700000000001	90.56	-64.22	40.84	22.72	11.92	-13.74	36.38	-64.78	57.26
9.28718	90.88	-63.74	44.24	25.02	13.1	-11.24	36.36	-69.26	71.9
9.353100000000001	91.3	-68.38	40.34	28.08	10.52	-10.08	35.94	-69.28	92.92
9.425040000000001	88.58	-65.64	41.46	24.42	11.06	-9.7	35.1	-67.52	87.2
8.99684	89.56	-65.04	40.68	26.24	13.14	-9.56	32.42	-67.4	88.72
8.863599999999998	92.58	-62.78	40.76	24.12	11.34	-10.04	30.42	-60.48	89.02
9.26492	96.56	-61.2	40.1	27.7	15.02	-8.56	29.24	-64.42	90.04
9.365240000000002	97.7	-63.72	34.38	26.58	11.8	-8.48	23.7	-69.88	89.36
9.1118	97.5	-64.32	39.22	27.62	11.74	-8.64	24.38	-71.36	89.38
9.23118	92.48	-66.78	37.98	22.76	7.92	-10.94	19.26	-65.78	89.28
9.324200000000001	96.16	-67.68	38.34	25.6	-7.64	-10.24	21.52	-72.42	86.86
9.28822	84.96	-69.04	40.7	21.52	8.88	-11.38	20.92	-66.1	87.66
8.88128	91.86	-69.94	42.16	20.92	15.06	-13.52	19.14	-69.12	86.82
9.35626	90.72	-67.38	44.04	17.84	16.28	-15.18	19.0	-67.54	81.98
9.16318	93.5	-67.86	42.52	18.76	12.88	-19.3	17.62	-65.76	85.9
9.16098	95.3	-73.08	41.52	19.04	9.48	-18.12	19.8	-65.4	83.88
9.39494	95.42	-72.78	40.14	19.0	16.54	-15.5	20.16	-66.0	86.62
9.2621	100.56	-76.7	45.36	31.08	14.62	-12.54	28.56	-76.7	80.78
9.09076	105.04	-76.94	42.82	32.22	12.72	-14.7	28.56	-77.76	85.46
9.30714	105.02	-75.02	41.22	24.8	20.78	-18.56	19.94	-72.96	85.66
9.24844	106.5	-78.86	46.16	37.18	19.26	-11.66	29.56	-84.56	82.32
9.027140000000001	109.2	-76.94	44.06	38.44	20.82	-11.84	32.06	-84.66	86.7
9.23484	111.58	-78.34	46.12	36.92	17.38	-13.4	33.08	-82.54	86.62
9.2682	119.12	-81.88	51.6	45.22	14.0	-9.38	41.82	-84.0	84.08
9.29688	111.9	-83.44	49.18	43.56	14.1	-10.2	40.84	-87.24	83.94
9.22612	111.56	-83.06	46.14	43.76	14.54	-9.28	43.36	-85.58	83.7
9.105319999999999	114.1	-81.66	50.08	44.82	17.02	-9.84	47.76	-87.74	83.48
9.31802	111.92	-73.92	51.78	39.8	15.52	-9.02	55.16	-85.4	82.94
9.102400000000001	110.32	-75.88	52.7	41.3	11.2	-9.56	56.74	-84.56	81.46
9.1262	112.92	-77.06	51.86	40.82	11.14	-9.92	57.1	-83.36	81.08
9.330499999999999	106.26	-73.84	49.2	41.7	11.44	-9.92	55.44	-81.92	81.74
9.064620000000001	104.58	-71.2	49.36	45.0	12.62	-11.68	50.58	-77.48	82.64
9.16574	104.5	-71.78	50.4	43.58	11.04	-11.66	31.32	-78.62	83.66
9.236080000000001	109.44	-72.04	46.42	45.66	12.96	-12.48	56.82	-79.06	82.8
9.258180000000001	110.36	-69.92	48.56	45.52	28.2	-15.36	58.24	-78.28	85.9
9.28008	119.68	-71.5	48.1	47.14	14.16	-16.78	60.32	-77.5	92.32
9.269120000000001	118.28	-67.24	46.04	47.06	15.02	-25.3	55.42	-81.64	89.9
9.04006	117.94	-70.44	46.62	46.84	21.02	-32.2	60.32	-80.9	92.56
9.32306	116.44	-69.38	48.54	44.5	19.62	-32.76	58.78	-82.12	94.74
9.29872	111.3	-70.22	45.6	44.26	23.54	-40.68	54.58	-79.26	90.2
8.82824	113.46	-66.54	51.24	43.94	35.96	-22.84	38.36	-85.38	98.56
9.18448	115.06	-62.44	53.86	45.18	41.88	-20.62	35.52	-86.32	102.0
9.12648	117.0	-68.34	54.1	45.44	40.34	-21.4	22.7	-84.76	99.46
9.249940000000002	114.3	-69.08	57.18	50.76	43.0	-13.14	18.82	-86.64	98.82
9.29052	113.92	-69.98	57.34	50.22	52.2	-14.64	44.02	-86.38	65.88
9.19896	115.92	-69.48	57.0	51.5	51.52	-18.6	42.3	-85.82	101.02
9.18244	115.78	-72.0	57.08	55.04	50.82	-18.74	41.98	-87.1	98.46
9.3177	116.56	-73.54	57.14	59.46	48.78	-20.56	43.66	-84.46	93.7
9.28612	115.08	-69.98	53.46	56.04	50.5	-22.18	45.58	-85.76	101.3
9.1757	114.66	-73.4	51.44	60.56	48.16	-19.44	43.98	-85.18	100.48
9.34182	116.36	-73.06	54.64	46.26	51.08	-20.78	42.72	-84.54	101.96
9.10732	117.1	-67.66	57.96	48.02	50.74	-18.56	39.04	-79.24	97.44
9.27498	116.78	-68.1	57.8	46.94	50.8	-17.82	40.34	-77.18	100.16
8.929519999999998	117.16	-68.46	56.84	50.32	46.16	-16.7	43.34	-83.78	101.0
8.9335	119.08	-66.7	54.62	37.94	37.32	-17.68	41.78	-89.76	101.48
9.062180000000001	121.44	-57.82	51.36	43.12	34.56	-17.16	40.18	-87.94	101.02
8.93452	123.04	-63.02	52.5	42.84	24.32	-19.06	40.48	-89.94	102.26
9.277000000000001	123.6	-63.6	52.04	40.18	26.02	-18.98	41.04	-88.46	102.6
9.30978	123.24	-65.24	53.92	45.34	27.88	-17.92	37.68	-87.48	103.3
9.18082	127.28	-65.04	53.22	46.0	27.16	-20.28	35.78	-87.82	104.46
9.2963	121.46	-63.12	54.38	43.6	28.38	-20.24	37.82	-90.12	102.68
9.05778	119.06	-63.82	53.56	48.56	29.66	-18.8	39.26	-85.2	101.84
9.06638	123.8	-66.94	53.04	53.46	28.02	-17.66	38.18	-88.38	101.38
9.2901	119.08	-65.98	53.24	50.82	24.84	-14.92	26.06	-83.56	100.26
9.1462	122.48	-61.1	52.82	51.9	28.22	-15.58	38.6	-88.62	99.24
9.13642	122.52	-65.62	53.96	51.68	27.16	-16.88	40.14	-82.08	96.38
9.30174	122.2	-67.88	55.34	52.42	24.48	-17.84	39.6	-87.94	89.1
9.23076	120.42	-68.24	54.6	52.66	24.26	-17.32	36.22	-89.66	98.38
9.13616	122.36	-69.62	54.8	55.7	24.18	-17.82	34.92	-88.88	98.78
9.23282	122.2	-71.88	56.48	57.66	23.62	-17.28	35.28	-88.6	96.02
9.23734	122.3	-71.7	58.84	57.44	24.94	-17.82	34.78	-88.06	94.2
9.407960000000001	122.28	-71.76	56.96	54.88	23.74	-16.42	43.66	-87.1	94.96
9.25264	122.74	-69.72	59.68	56.86	22.1	-18.1	34.26	-88.82	97.84
9.358360000000001	121.04	-69.78	59.96	54.76	18.14	-16.22	35.18	-89.24	100.18
9.24698	121.64	-70.82	60.5	53.94	-1.5	-20.96	32.84	-88.48	103.02
9.2111	122.78	-65.22	56.44	55.46	2.14	-19.42	31.18	-87.28	105.86
9.071599999999998	121.68	-68.78	58.96	49.32	-22.92	-22.1	24.28	-84.8	109.58
9.18216	120.1	-70.84	55.6	25.78	5.52	-19.54	25.36	-84.98	110.76
9.30776	119.58	-72.62	53.48	54.72	32.64	-7.78	25.26	-78.62	109.96
9.2387	119.1	-70.8	53.06	53.9	34.74	-21.48	28.62	-83.98	111.14
9.24802	117.06	-70.92	54.22	54.06	34.84	-23.48	28.08	-84.76	109.92
9.21074	113.38	-70.86	53.72	56.06	33.24	-26.9	29.18	-81.72	109.02
9.27348	114.64	-71.86	53.52	56.46	33.02	-29.66	24.44	-85.7	103.98
9.279879999999999	113.72	-72.12	52.92	55.78	33.68	-26.42	30.68	-83.44	106.72
9.22896	109.58	-69.8	57.42	55.0	33.54	-11.76	31.16	-78.92	102.14
9.19438	108.06	-69.36	57.28	55.2	35.76	-11.12	31.3	-81.14	107.3
8.969819999999999	105.96	-62.98	59.14	56.66	39.7	-19.44	37.06	-73.66	107.26
9.37152	105.74	-65.72	58.24	55.4	42.5	-17.28	35.16	-73.52	108.64
9.306420000000001	102.68	-67.96	57.08	54.0	36.5	-17.96	32.32	-71.72	106.44
9.10366	106.02	-66.72	56.7	53.48	40.58	-19.08	9.12	-73.98	105.18
9.23806	108.96	-67.3	58.54	49.3	41.72	-20.94	-14.0	-69.06	111.28
9.21942	104.88	-69.74	55.68	34.94	42.98	-23.86	11.7	-78.78	114.46
9.08714	101.68	-67.0	56.58	35.5	36.26	-20.96	-35.18	-74.26	103.76
8.88796	103.34	-67.0	58.54	19.02	37.4	-21.66	-10.98	-74.16	80.8
8.75526	107.88	-70.52	55.96	19.92	35.58	-20.36	-8.52	-76.38	84.46
9.14586	108.56	-70.48	59.22	23.92	35.18	-21.96	-2.64	-75.7	52.7
9.253720000000001	102.06	-65.2	59.48	35.32	26.5	-18.96	-37.26	-70.42	82.34
8.78274	109.48	-70.34	58.32	18.36	34.68	-24.38	-13.04	-76.18	52.56
9.059859999999999	112.44	-62.88	56.8	35.24	27.34	-22.42	-36.54	-73.32	75.18
9.200660000000001	106.92	-67.22	55.78	35.46	29.1	-24.34	-36.32	-74.8	77.6
8.95968	108.6	-67.66	55.46	37.92	27.46	-23.62	-35.92	-74.32	74.64
9.25034	110.3	-63.88	50.1	53.02	12.24	-3.46	-86.96	-70.76	97.48
9.17418	111.28	-64.24	54.72	52.8	11.04	-6.26	-86.68	-70.88	97.24
9.3651	111.36	-60.38	54.88	52.76	12.4	-6.7	-87.08	-70.18	95.14
9.071159999999999	108.84	-63.48	58.6	53.2	11.68	31.02	-89.76	-70.5	99.72
8.84414	108.06	-60.86	58.22	53.52	13.22	40.2	-90.82	-68.2	98.64
9.03214	107.68	-60.9	55.58	51.34	16.44	25.92	-89.12	-65.62	101.24
8.89922	109.14	-61.72	53.28	49.76	18.54	10.26	-87.72	-68.04	101.06
9.30228	105.02	-64.88	59.32	50.62	17.24	31.8	-90.58	-69.3	100.8
9.09662	107.46	-65.3	57.38	49.64	17.58	49.28	-92.2	-66.7	103.0
9.25034	108.66	-66.68	56.12	48.46	19.24	27.58	-92.94	-67.76	102.54
9.2842	108.3	-64.48	56.32	48.56	18.14	28.56	-94.18	-71.18	104.18
9.25694	113.3	-59.7	52.66	49.58	23.42	10.68	-90.8	-72.98	97.44
8.99128	111.5	-64.36	54.9	51.06	21.44	6.62	-91.96	-73.08	98.0
9.28514	115.4	-65.96	55.18	51.46	23.54	-12.38	-90.88	-74.5	95.9
9.12522	116.1	-67.4	57.76	50.78	27.88	-11.18	-90.42	-72.92	95.64
9.28444	107.58	-61.06	64.78	49.5	15.6	26.14	-91.76	-66.44	106.98
9.295359999999999	102.72	-57.9	65.2	48.16	7.44	45.42	-94.46	-66.96	109.78
9.222280000000001	103.34	-57.58	68.04	48.56	6.56	43.16	-94.38	-65.92	108.94
9.248740000000002	104.3	-57.58	69.96	49.1	8.66	42.1	-95.9	-68.66	106.66
9.32842	103.96	-57.9	69.32	48.0	6.3	46.38	-95.34	-77.5	110.42
9.1581	107.14	-61.58	61.7	55.7	9.0	29.92	-89.46	-83.44	104.88
9.15692	111.62	-63.8	57.96	55.58	12.76	12.12	-89.54	-85.8	99.4
9.42168	112.1	-62.18	60.12	54.3	10.76	11.84	-89.54	-84.86	99.74
9.205779999999999	98.96	-59.7	80.56	47.78	0.06	74.5	-102.3	-67.66	118.36
9.1783	98.5	-57.76	79.8	47.22	-2.12	73.42	-103.9	-72.4	113.6
9.26638	96.4	-57.48	80.88	45.22	1.2	74.12	-86.22	-68.7	109.7
9.202459999999999	99.96	-58.84	82.5	45.42	3.64	72.54	-104.46	-68.66	114.9
9.205160000000001	101.12	-60.5	81.86	45.62	4.86	76.18	-104.7	-67.72	113.3
9.152300000000002	103.0	-60.3	86.78	44.34	-0.1	74.04	-103.86	-63.56	105.52
9.16086	103.4	-57.42	89.26	47.8	1.82	72.78	-103.92	-58.94	103.22
9.04174	105.5	-60.62	88.6	46.14	0.78	73.64	-105.2	-52.7	107.68
9.194560000000001	100.9	-61.24	91.28	43.24	-0.52	72.04	-103.26	-61.78	106.74
8.79996	104.66	-62.22	92.5	45.32	-1.82	74.9	-101.28	-62.22	104.9
9.111899999999999	106.12	-60.64	85.22	50.9	-5.08	76.0	-99.92	-61.66	107.58
8.5962	110.8	-62.66	86.38	50.5	-6.2	71.66	-101.34	-62.72	106.4
9.144499999999999	109.14	-63.94	88.98	50.64	-5.26	76.14	-98.24	-63.28	104.34
9.28208	104.26	-63.74	89.74	53.3	-6.7	76.4	-102.36	-64.86	108.72
8.99562	105.66	-65.64	88.02	54.48	-9.8	74.54	-97.74	-61.68	107.94
9.044220000000001	105.1	-67.44	87.84	56.08	-7.96	71.46	-99.48	-59.56	94.94
9.237	100.66	-80.38	88.06	56.7	-8.46	72.18	-91.16	-63.52	110.16
9.077860000000001	104.02	-88.22	88.58	53.8	-6.78	71.3	-91.82	-62.08	108.72
9.34484	104.16	-87.8	87.54	52.72	-8.98	70.8	-91.06	-63.12	114.44
9.250720000000001	103.14	-88.84	89.32	55.7	-12.2	69.16	-91.72	-64.44	116.6
9.37224	102.18	-92.52	91.06	51.54	-8.94	67.92	-90.4	-63.8	117.4
9.197619999999999	98.58	-91.82	90.1	53.14	-10.62	67.62	-88.38	-63.24	110.9
8.91566	99.74	-90.0	88.08	47.86	-14.34	67.18	-92.8	-63.42	112.62
9.200239999999999	103.82	-88.64	88.08	48.66	-12.42	70.42	-95.24	-65.42	111.7
9.37646	103.94	-88.1	88.22	48.56	-10.68	70.7	-93.08	-64.86	110.68
9.268899999999999	97.92	-85.84	90.9	52.84	-7.36	73.38	-89.5	-61.58	108.22
8.77454	105.08	-82.68	90.42	52.96	-5.6	72.88	-89.62	-62.68	109.34
9.3014	103.7	-86.5	85.32	56.18	-6.28	69.0	-95.0	-64.96	101.92
9.25728	97.04	-90.0	86.42	47.78	-3.64	34.66	-102.02	-66.36	119.76
9.22788	97.0	-86.56	83.42	49.16	-5.24	4.14	-101.06	-65.34	120.42
8.937560000000001	102.76	-87.96	81.86	49.8	-5.8	4.04	-99.3	-66.94	118.34
9.23074	100.44	-86.9	82.02	52.36	-7.9	37.58	-89.22	-67.2	118.3
9.29024	98.56	-79.38	84.1	55.24	-10.9	69.72	-91.76	-65.52	113.82
8.86746	100.98	-83.36	83.04	49.92	-12.68	68.02	-92.72	-65.74	64.48
9.407940000000002	100.12	-87.42	85.34	51.3	-9.9	68.0	-89.04	-67.04	27.3
9.23262	98.9	-84.16	87.72	52.92	-10.72	66.08	-91.86	-69.14	78.76
9.1816	101.38	-84.6	85.28	51.6	-9.44	61.62	-92.38	-65.92	77.88
9.402000000000001	101.28	-87.44	86.82	45.48	-7.68	67.16	-93.9	-68.38	116.08
9.38508	99.28	-87.34	82.52	36.76	-6.86	67.64	-91.76	-65.38	116.32
