0.3 	0.8 	-0.8 	-0.5 	0.1 	0.4 	1.0 	0.8 	0.4 	-1	0.798	0.16666666666666666
-0.3 	0.1 	0.5 	1.0 	-0.1 	0.7 	0.0 	-0.3 	0.6 	-1	0.718	0.6666666666666666
-1.0 	0.0 	-0.7 	-1.0 	-0.6 	-0.3 	-0.1 	0.2 	-0.1 	-1	0.784	0.9166666666666666
-1.0 	1.0 	0.6 	0.0 	-0.2 	-0.9 	-0.8 	0.2 	-0.7 	-1	0.8160000000000001	0.5833333333333334
-0.2 	0.5 	-0.7 	-0.5 	0.8 	-0.8 	-0.3 	0.6 	0.9 	-1	0.92	0.8333333333333334
-0.4 	-0.4 	0.5 	0.6 	-0.1 	-0.5 	0.4 	-0.6 	-0.7 	0	0.97	0.08333333333333333
-0.9 	-0.4 	0.2 	0.2 	-0.1 	0.2 	0.3 	0.6 	-0.8 	0	0.0	0.4166666666666667
0.8 	-0.8 	0.4 	0.0 	0.5 	0.7 	0.1 	0.8 	0.8 	1	0.927	0.8333333333333334
0.5 	0.5 	0.9 	-0.3 	0.1 	-0.5 	1.0 	-1.0 	0.4 	1	0.17100000000000004	0.3333333333333333
1.0 	-0.2 	0.1 	0.4 	-0.4 	-0.5 	0.9 	0.2 	-0.8 	1	0.953	0.75
0.9 	0.2 	0.8 	-0.4 	0.4 	0.8 	-0.1 	-0.2 	0.0 	1	0.943	0.5
-0.6 	0.1 	-0.2 	-1.0 	-0.5 	1.0 	0.9 	-0.2 	-0.2 	-1	0.81	0.75
0.1 	1.0 	-0.9 	-0.9 	0.1 	0.7 	0.7 	0.3 	-0.3 	-1	0.926	0.3333333333333333
-0.9 	-0.6 	0.6 	0.2 	0.2 	0.0 	0.8 	-0.3 	1.0 	1	0.963	0.0
0.8 	-0.8 	0.4 	0.8 	-0.1 	0.8 	0.6 	-0.3 	1.0 	1	0.953	1.0
0.1 	0.1 	0.2 	0.9 	0.8 	0.0 	-0.1 	1.0 	-0.5 	1	0.893	0.5833333333333334
0.6 	0.3 	-0.3 	0.5 	-1.0 	-0.5 	-0.6 	-0.4 	-0.5 	1	0.933	0.5
-0.3 	-0.8 	0.5 	-0.6 	0.9 	-0.7 	-1.0 	-1.0 	-0.2 	0	0.0	0.0
0.3 	0.8 	1.0 	0.3 	0.2 	0.0 	0.7 	-0.2 	-0.8 	1	0.951	0.6666666666666666
-0.8 	-0.2 	-0.8 	-0.9 	0.8 	-0.2 	-0.6 	0.0 	0.5 	1	0.871	0.5
1.0 	-0.2 	-0.1 	0.7 	0.4 	0.1 	0.0 	0.2 	0.6 	1	0.961	1.0
-0.8 	-0.8 	-0.4 	0.5 	0.8 	0.7 	0.7 	0.7 	1.0 	1	0.901	0.16666666666666666
-0.4 	-0.6 	0.5 	0.0 	-0.2 	-0.1 	0.7 	0.0 	-1.0 	0	0.0	0.4166666666666667
0.6 	-0.8 	0.5 	-0.7 	0.4 	0.3 	-0.2 	0.9 	-1.0 	1	0.947	1.0
0.9 	0.9 	-0.5 	0.1 	0.2 	-0.1 	0.6 	0.1 	0.9 	1	0.889	0.08333333333333333
0.8 	0.1 	-0.7 	-0.3 	-0.3 	-0.7 	1.0 	0.7 	0.7 	1	0.891	0.08333333333333333
-1.0 	0.2 	-0.1 	-0.7 	-0.4 	0.0 	0.1 	-0.2 	-0.9 	1	0.879	0.9166666666666666
0.9 	0.4 	0.4 	-0.2 	-0.4 	0.5 	0.3 	-1.0 	-0.7 	1	0.947	0.4166666666666667
0.3 	0.6 	0.2 	0.9 	0.5 	0.4 	-0.5 	-0.9 	-0.4 	1	0.675	0.08333333333333333
0.3 	-0.6 	0.4 	-0.2 	-0.3 	-0.7 	-1.0 	0.5 	-0.9 	1	0.9410000000000001	0.8333333333333334
0.7 	0.5 	-0.9 	-0.5 	0.2 	-0.2 	-0.1 	0.8 	-0.9 	1	0.903	0.08333333333333333
-0.2 	-0.3 	0.1 	-0.4 	0.5 	0.0 	0.9 	0.4 	0.9 	0	0.0	0.08333333333333333
-0.4 	-0.6 	-0.6 	0.0 	-0.3 	0.8 	0.2 	-1.0 	-0.4 	-1	0.374	0.6666666666666666
0.4 	-1.0 	0.1 	-0.3 	-0.2 	0.1 	-0.9 	0.3 	0.9 	1	0.947	0.8333333333333334
0.9 	-0.2 	0.6 	0.4 	-0.6 	0.8 	0.6 	0.5 	-0.9 	1	0.951	0.75
-0.1 	0.8 	-0.9 	0.5 	1.0 	-0.2 	-0.9 	-1.0 	0.6 	-1	0.864	0.5
-0.3 	1.0 	-0.7 	-0.9 	-0.3 	0.1 	-0.9 	-0.8 	0.7 	-1	0.812	0.6666666666666666
-0.6 	-0.1 	1.0 	0.5 	-0.3 	-0.5 	-0.4 	-0.1 	-0.2 	0	0.0	0.3333333333333333
1.0 	-0.2 	-0.9 	-0.7 	0.7 	-0.2 	0.1 	-0.3 	0.0 	1	0.885	0.5833333333333334
-0.8 	-0.8 	0.4 	-0.2 	0.9 	-0.1 	0.0 	0.8 	0.7 	0	0.0	0.5
0.1 	0.2 	0.3 	-0.6 	-0.4 	-0.7 	-0.4 	-0.7 	0.4 	1	0.9390000000000001	0.25
0.3 	-1.0 	-0.5 	0.4 	-0.1 	-0.1 	0.9 	-0.1 	0.3 	1	0.571	0.5
0.1 	-1.0 	1.0 	0.0 	-0.3 	0.6 	0.5 	0.6 	-0.7 	1	0.961	0.5
0.9 	-0.8 	0.9 	0.9 	0.3 	-0.8 	-0.8 	0.5 	0.8 	1	0.957	0.9166666666666666
-0.8 	0.1 	0.8 	0.1 	0.5 	0.5 	1.0 	0.3 	-0.6 	-1	0.618	0.5
-0.2 	0.3 	0.4 	0.4 	0.8 	0.8 	0.6 	0.2 	0.5 	-1	0.8220000000000001	0.08333333333333333
-0.2 	0.9 	0.6 	0.5 	-0.1 	-0.2 	-0.9 	0.8 	0.8 	-1	0.744	0.08333333333333333
-0.6 	0.4 	0.7 	-0.4 	-0.7 	1.0 	0.5 	-0.8 	-0.4 	-1	0.73	0.5833333333333334
-0.9 	-0.9 	0.1 	-0.3 	1.0 	1.0 	-0.5 	0.2 	0.2 	0	0.0	0.3333333333333333
-0.6 	1.0 	1.0 	-0.2 	-0.2 	0.2 	0.6 	0.5 	-0.6 	-1	0.796	0.3333333333333333
-0.4 	0.7 	0.3 	-0.8 	0.5 	-1.0 	0.0 	0.7 	1.0 	-1	0.89	0.5833333333333334
0.0 	-0.2 	-0.4 	0.6 	-0.7 	0.9 	0.2 	-0.9 	0.9 	0	0.975	0.0
0.6 	-0.3 	-0.7 	0.7 	-0.8 	-0.1 	-0.6 	0.3 	-0.7 	1	0.951	0.75
0.7 	-0.8 	-0.7 	-0.4 	0.9 	0.6 	0.8 	0.8 	0.9 	1	0.823	0.3333333333333333
0.0 	-1.0 	-1.0 	0.2 	0.1 	0.4 	0.4 	0.8 	0.9 	-1	0.904	0.3333333333333333
-0.7 	0.2 	-0.1 	-0.3 	-0.7 	0.1 	-0.9 	-0.5 	0.9 	-1	0.778	0.8333333333333334
0.9 	-0.4 	0.1 	0.2 	-0.1 	0.0 	-0.4 	-0.4 	0.0 	1	0.9410000000000001	0.8333333333333334
-0.1 	-0.4 	0.9 	-0.8 	-0.8 	0.0 	-0.2 	-0.2 	0.8 	1	0.883	0.25
0.2 	-0.7 	0.8 	0.0 	-0.9 	0.2 	0.1 	0.4 	0.3 	1	0.929	0.9166666666666666
0.0 	0.3 	0.6 	0.9 	0.6 	0.7 	0.1 	0.5 	-0.1 	-1	0.796	0.08333333333333333
-0.8 	0.7 	-0.8 	0.6 	0.3 	0.9 	0.0 	-0.2 	0.7 	-1	0.876	0.5833333333333334
-0.1 	-0.2 	0.9 	-1.0 	0.9 	0.0 	-0.9 	0.4 	0.9 	0	0.0	0.3333333333333333
-1.0 	1.0 	-0.8 	0.4 	0.0 	-0.4 	-0.1 	0.0 	1.0 	-1	0.916	0.9166666666666666
1.0 	0.7 	0.9 	1.0 	-0.3 	0.8 	0.8 	0.5 	0.8 	1	0.953	0.6666666666666666
0.6 	-0.7 	0.2 	-0.2 	0.4 	-0.8 	-0.8 	-0.8 	0.9 	1	0.905	0.8333333333333334
0.0 	0.9 	-0.1 	0.0 	-0.5 	-0.4 	0.6 	1.0 	-0.8 	-1	0.858	0.4166666666666667
0.7 	0.0 	-0.8 	-0.9 	0.1 	0.0 	0.5 	0.7 	0.5 	-1	0.7	0.3333333333333333
0.8 	0.2 	0.1 	-0.4 	0.0 	-0.9 	-0.6 	0.8 	0.3 	1	0.949	0.4166666666666667
0.0 	-0.4 	-0.2 	0.3 	0.0 	0.7 	1.0 	-0.5 	-0.5 	0	0.0	0.8333333333333334
0.7 	0.6 	-0.6 	-0.2 	0.7 	-0.5 	0.7 	-0.6 	-1.0 	-1	0.842	0.08333333333333333
-0.4 	0.8 	0.8 	0.7 	-0.5 	-1.0 	-0.2 	0.8 	0.6 	-1	0.768	0.16666666666666666
-0.9 	0.7 	0.7 	-0.5 	-0.5 	0.2 	0.6 	0.2 	-0.2 	-1	0.812	0.4166666666666667
0.7 	-0.9 	-0.7 	-0.2 	0.8 	0.0 	-0.1 	1.0 	1.0 	1	0.953	0.8333333333333334
-0.3 	0.7 	1.0 	0.8 	-0.4 	-0.5 	1.0 	0.4 	-1.0 	-1	0.75	0.25
-0.7 	0.3 	0.0 	-0.6 	1.0 	-0.8 	-0.6 	-0.3 	0.6 	-1	0.834	0.9166666666666666
-0.3 	-0.3 	-0.6 	0.0 	-0.4 	-0.7 	-0.2 	-0.9 	-0.5 	0	0.0	0.5833333333333334
0.5 	-0.2 	-1.0 	-0.4 	-0.5 	-0.8 	1.0 	-1.0 	0.3 	1	0.473	0.5
-0.8 	0.2 	-1.0 	-0.9 	-0.2 	-1.0 	-0.2 	-0.2 	-0.6 	-1	0.744	0.8333333333333334
-0.7 	0.6 	-0.8 	0.6 	-0.8 	-0.5 	0.1 	0.1 	0.8 	-1	0.858	0.5833333333333334
-0.5 	0.4 	-0.5 	-0.7 	-0.7 	-0.6 	0.9 	1.0 	0.2 	-1	0.86	0.75
-0.7 	-0.6 	1.0 	-0.9 	0.7 	0.5 	-0.5 	-0.3 	0.8 	-1	0.618	0.08333333333333333
0.0 	0.9 	-1.0 	-1.0 	-0.9 	0.8 	0.4 	0.8 	-0.1 	-1	0.888	0.6666666666666666
-1.0 	0.2 	-0.7 	0.5 	0.2 	-0.3 	0.5 	-0.6 	-0.3 	0	0.97	0.16666666666666666
-0.6 	0.1 	-0.4 	0.3 	1.0 	0.2 	-0.8 	0.5 	0.5 	-1	0.796	1.0
-0.9 	-0.6 	-0.4 	0.4 	0.7 	-0.9 	0.3 	1.0 	1.0 	1	0.875	0.16666666666666666
-0.1 	0.9 	-0.3 	-0.7 	-0.5 	-0.8 	-0.3 	0.2 	-0.5 	-1	0.81	0.4166666666666667
-0.6 	1.0 	0.8 	0.8 	-0.4 	-0.9 	0.3 	0.8 	0.9 	-1	0.732	0.08333333333333333
-0.3 	-0.6 	-0.9 	0.4 	-0.9 	0.9 	0.3 	0.6 	0.3 	-1	0.496	0.5
-0.9 	0.0 	1.0 	0.3 	0.2 	-1.0 	0.7 	-0.3 	-0.7 	1	0.957	0.0
-0.8 	-0.9 	-0.6 	-0.8 	-0.6 	0.3 	0.8 	-0.8 	-0.3 	0	0.0	0.3333333333333333
0.9 	0.2 	0.1 	-0.1 	-0.5 	0.8 	0.0 	-0.9 	-0.4 	1	0.923	0.75
-0.3 	0.7 	0.3 	-0.9 	-0.8 	0.4 	-0.3 	0.9 	0.0 	-1	0.8260000000000001	0.16666666666666666
-0.9 	0.8 	-0.9 	0.4 	0.9 	0.2 	0.1 	-0.2 	0.5 	-1	0.842	0.8333333333333334
0.8 	-0.1 	-0.7 	-0.7 	-0.3 	-0.2 	-0.6 	-0.1 	1.0 	1	0.921	0.8333333333333334
-0.1 	0.2 	1.0 	0.0 	-1.0 	-0.7 	0.1 	0.1 	0.1 	0	0.0	0.0
0.9 	-0.2 	0.9 	0.8 	0.5 	-0.2 	1.0 	-0.4 	0.0 	1	0.951	0.6666666666666666
0.1 	-0.5 	-0.7 	1.0 	0.7 	1.0 	0.5 	0.6 	0.4 	1	0.835	0.5
0.5 	-0.2 	-0.6 	-1.0 	0.6 	-0.5 	0.1 	-0.4 	-0.5 	1	0.0050000000000000044	0.3333333333333333
0.6 	0.9 	0.0 	0.2 	-0.9 	-0.6 	0.2 	0.8 	0.3 	1	0.843	0.08333333333333333
0.3 	-0.2 	-0.4 	0.0 	0.6 	0.8 	0.0 	-0.5 	-0.5 	1	0.681	0.6666666666666666
-1.0 	-0.7 	-0.5 	0.9 	1.0 	-1.0 	0.4 	-0.2 	0.7 	-1	0.966	0.0
0.9 	0.1 	-0.6 	-0.5 	0.4 	-0.6 	-0.8 	-0.6 	0.7 	1	0.947	0.75
-0.8 	-0.9 	-0.1 	0.2 	-1.0 	-0.1 	-0.5 	0.1 	-0.2 	0	0.976	0.0
-0.7 	0.1 	-0.6 	0.2 	-0.6 	-1.0 	-0.4 	-0.3 	-0.3 	1	0.843	0.8333333333333334
0.6 	-0.8 	-0.6 	-0.4 	0.0 	-0.7 	-0.9 	-0.8 	-0.8 	1	0.687	0.5833333333333334
-0.4 	0.8 	-0.9 	-0.6 	1.0 	0.3 	1.0 	1.0 	-1.0 	-1	0.918	0.5833333333333334
-0.8 	-0.1 	0.2 	0.8 	0.2 	-0.4 	-0.7 	-0.4 	-0.2 	1	0.965	0.08333333333333333
-0.7 	-0.5 	-0.6 	-0.8 	-0.8 	0.7 	0.9 	0.1 	0.7 	-1	0.02200000000000002	0.75
-0.4 	1.0 	-0.8 	0.9 	-1.0 	-0.4 	0.8 	0.5 	1.0 	-1	0.918	0.5833333333333334
-0.8 	-0.6 	0.3 	-0.7 	-0.2 	-0.2 	0.0 	-1.0 	0.2 	0	0.0	0.4166666666666667
0.3 	-0.5 	0.7 	0.6 	0.4 	0.5 	0.5 	0.7 	-0.1 	1	0.967	0.08333333333333333
0.7 	0.6 	0.2 	0.2 	0.2 	-0.7 	-0.8 	0.1 	-1.0 	1	0.951	0.5
-0.5 	0.5 	-0.7 	-1.0 	-0.4 	0.5 	0.4 	-0.8 	-0.4 	-1	0.854	0.6666666666666666
-1.0 	0.0 	0.0 	1.0 	-0.3 	0.2 	-0.1 	0.2 	-0.4 	-1	0.42600000000000005	0.8333333333333334
-0.6 	-1.0 	0.0 	0.8 	0.8 	0.5 	-0.1 	0.2 	-0.8 	0	0.0	0.4166666666666667
-1.0 	-0.7 	-0.4 	1.0 	-0.7 	0.3 	0.3 	0.4 	-0.3 	0	0.974	0.0
-0.4 	0.4 	0.5 	0.7 	0.7 	0.2 	-0.5 	-0.6 	0.9 	-1	0.5780000000000001	0.5
-0.4 	-0.1 	-0.3 	0.9 	-0.5 	-0.8 	0.4 	0.0 	0.9 	0	0.0	0.6666666666666666
-0.1 	-0.5 	1.0 	-0.3 	1.0 	-0.2 	0.2 	0.2 	-0.3 	0	0.973	0.08333333333333333
-0.6 	-0.9 	-1.0 	-0.2 	-0.8 	-0.6 	-0.3 	-0.2 	0.9 	0	0.0	0.8333333333333334
-0.8 	0.6 	0.3 	0.2 	0.6 	-0.4 	0.4 	0.3 	-0.9 	-1	0.808	0.75
0.6 	0.2 	0.7 	1.0 	-0.8 	-1.0 	-0.8 	0.2 	-0.2 	1	0.937	0.6666666666666666
1.0 	0.4 	0.6 	-0.8 	-0.7 	-0.7 	-0.7 	-1.0 	-0.6 	1	0.659	0.08333333333333333
0.8 	-0.1 	-0.9 	-0.1 	0.1 	0.2 	0.2 	0.6 	-0.9 	1	0.935	0.75
-1.0 	0.1 	0.3 	-0.2 	-0.6 	-0.4 	0.4 	-0.2 	0.0 	-1	0.732	1.0
0.3 	0.0 	-0.7 	-0.5 	-1.0 	0.4 	-1.0 	0.8 	-0.7 	-1	0.8	0.16666666666666666
1.0 	0.1 	-0.5 	0.0 	-0.7 	-1.0 	0.7 	-0.4 	0.7 	1	0.949	0.6666666666666666
0.0 	0.9 	-0.7 	0.8 	-0.4 	0.1 	0.8 	0.5 	1.0 	-1	0.792	0.5
-0.6 	-0.2 	0.1 	-0.7 	0.6 	-0.4 	-0.4 	0.3 	-0.6 	0	0.0	0.6666666666666666
-0.1 	0.4 	0.2 	-0.3 	0.2 	0.9 	-1.0 	1.0 	-0.8 	-1	0.842	0.5
-0.4 	-0.6 	0.4 	0.5 	0.2 	-0.4 	-0.4 	-0.3 	-0.1 	1	0.965	0.08333333333333333
0.8 	-1.0 	0.1 	0.9 	-0.5 	0.9 	-0.4 	0.0 	-0.9 	1	0.955	0.9166666666666666
0.2 	0.1 	0.9 	0.2 	0.0 	0.5 	0.5 	-0.2 	0.2 	1	0.935	0.5833333333333334
0.0 	1.0 	0.6 	1.0 	-0.9 	-0.7 	-0.5 	0.9 	1.0 	-1	0.876	0.08333333333333333
0.6 	0.0 	0.1 	0.9 	-0.5 	0.4 	0.1 	0.8 	-0.3 	1	0.923	0.75
-0.7 	-0.1 	-1.0 	-0.7 	-0.1 	-0.4 	-0.3 	0.7 	-1.0 	-1	0.646	0.75
-0.6 	-0.4 	-0.9 	-0.1 	-0.4 	-0.1 	-0.7 	0.4 	-0.7 	0	0.972	0.08333333333333333
0.4 	-0.3 	0.9 	-1.0 	0.4 	-0.4 	-0.7 	-0.8 	0.5 	1	0.909	0.75
-1.0 	0.0 	-0.7 	1.0 	-0.1 	0.3 	-0.8 	-0.9 	1.0 	-1	0.61	0.8333333333333334
-0.2 	0.3 	-0.7 	0.6 	-0.1 	0.2 	0.0 	-0.4 	-0.8 	-1	0.898	0.4166666666666667
0.7 	-0.2 	0.7 	0.1 	0.8 	0.8 	0.8 	0.4 	0.7 	1	0.957	0.75
-0.1 	0.1 	0.4 	-0.5 	-0.8 	-0.6 	0.7 	0.2 	0.7 	0	0.0	0.0
-0.8 	-0.7 	-0.6 	0.6 	0.8 	-0.8 	-0.2 	0.1 	0.6 	0	0.976	0.0
-0.1 	-1.0 	-0.2 	0.4 	0.4 	0.7 	-0.6 	-0.3 	-1.0 	0	0.974	0.0
0.0 	-0.5 	-0.9 	0.0 	0.7 	-0.3 	0.7 	-0.1 	0.5 	0	0.974	0.08333333333333333
-0.2 	-0.6 	-1.0 	-1.0 	-0.1 	0.5 	-0.6 	0.0 	0.5 	-1	0.33399999999999996	0.5833333333333334
-0.6 	-0.7 	0.5 	-0.1 	1.0 	0.5 	0.0 	0.6 	0.0 	1	0.889	0.3333333333333333
0.8 	0.8 	0.9 	0.8 	-0.7 	0.3 	-0.1 	0.2 	-0.2 	1	0.913	0.6666666666666666
-0.2 	0.1 	0.9 	0.2 	1.0 	0.4 	0.3 	-0.6 	0.5 	-1	0.554	0.25
0.8 	-0.6 	-0.1 	-0.1 	0.5 	-0.2 	0.5 	0.2 	-0.8 	1	0.953	0.6666666666666666
0.3 	-0.5 	-0.5 	-0.2 	0.6 	-0.5 	0.1 	1.0 	-0.7 	1	0.825	0.25
-0.3 	0.0 	0.7 	0.0 	0.8 	0.8 	-0.3 	0.1 	0.8 	-1	0.508	0.5
-0.9 	0.9 	-0.5 	-0.7 	1.0 	1.0 	0.1 	0.3 	-0.8 	-1	0.904	0.6666666666666666
-0.5 	-0.4 	-0.2 	-0.3 	-0.2 	-0.7 	-0.8 	0.6 	-0.7 	-1	0.622	0.8333333333333334
0.2 	-0.8 	0.3 	0.3 	-0.6 	-0.4 	0.3 	0.2 	0.7 	1	0.949	0.9166666666666666
0.7 	0.5 	-0.8 	0.9 	0.7 	0.7 	-0.8 	-0.7 	-0.2 	-1	0.87	0.16666666666666666
-0.4 	-0.6 	0.1 	0.0 	-1.0 	-1.0 	0.7 	0.7 	-0.6 	0	0.973	0.08333333333333333
0.7 	-0.5 	0.8 	-0.7 	-0.8 	0.2 	0.9 	0.4 	-0.3 	1	0.923	0.75
-0.2 	0.3 	0.6 	-0.8 	-0.8 	0.1 	-0.2 	0.6 	-0.6 	-1	0.722	0.25
0.5 	-0.9 	1.0 	-0.1 	0.9 	1.0 	-0.9 	0.9 	-0.3 	1	0.923	1.0
-0.7 	0.8 	-0.3 	0.7 	1.0 	-0.8 	0.8 	-0.6 	0.5 	-1	0.812	0.75
1.0 	-0.6 	-0.1 	-1.0 	0.4 	0.3 	-0.5 	-0.4 	-0.4 	1	0.943	0.75
0.9 	-0.5 	0.0 	0.3 	0.7 	0.8 	-0.8 	0.7 	-0.8 	1	0.951	0.75
-0.2 	0.2 	0.5 	0.6 	0.9 	0.0 	1.0 	-0.8 	1.0 	-1	0.706	0.4166666666666667
0.3 	-0.2 	0.4 	-0.4 	-1.0 	0.1 	-0.7 	-1.0 	0.0 	1	0.825	0.75
0.1 	-0.8 	0.2 	-0.8 	0.5 	0.2 	-0.5 	0.0 	0.8 	1	0.953	0.9166666666666666
-0.6 	-0.8 	-0.3 	0.5 	-0.6 	-0.1 	0.2 	-0.4 	1.0 	0	0.0	0.5833333333333334
0.1 	-0.9 	-0.1 	-0.9 	-0.8 	0.6 	0.6 	0.5 	0.5 	1	0.919	0.3333333333333333
-0.8 	-0.8 	-0.3 	-0.9 	0.7 	-0.1 	-0.9 	0.4 	-0.8 	0	0.97	0.08333333333333333
-0.7 	-0.8 	-0.5 	0.1 	-0.2 	0.1 	-1.0 	-0.3 	-0.5 	0	0.973	0.08333333333333333
0.1 	-0.4 	0.1 	-0.9 	0.7 	-0.4 	0.2 	-0.9 	-0.8 	1	0.917	0.25
0.0 	0.1 	0.5 	-0.1 	0.8 	0.0 	0.2 	-0.8 	0.0 	-1	0.6639999999999999	0.25
0.2 	-0.5 	-0.5 	-0.6 	-0.6 	-1.0 	-0.3 	-0.6 	0.0 	1	0.749	0.5
1.0 	-0.7 	0.3 	-0.4 	0.3 	-0.2 	-0.2 	0.6 	0.1 	1	0.41100000000000003	0.75
0.3 	-0.8 	0.9 	-0.5 	0.7 	-0.5 	-0.3 	0.7 	-0.9 	1	0.961	0.3333333333333333
-0.5 	-0.7 	0.5 	0.4 	0.2 	-0.5 	-0.4 	0.9 	-0.5 	0	0.978	0.0
-0.3 	-0.7 	-0.2 	0.3 	0.1 	0.1 	-0.1 	0.2 	-0.8 	0	0.0	0.5833333333333334
0.1 	0.1 	0.5 	0.0 	0.2 	0.0 	-0.8 	-0.8 	-0.4 	1	0.489	0.5833333333333334
0.4 	0.1 	-0.6 	-1.0 	0.2 	0.4 	0.7 	-0.8 	0.3 	1	0.781	0.08333333333333333
-0.4 	0.9 	-0.1 	-0.4 	-0.2 	0.3 	-0.3 	-1.0 	0.4 	-1	0.756	0.3333333333333333
-0.4 	0.7 	-0.4 	-0.3 	-0.5 	-1.0 	-0.6 	-0.9 	-0.8 	-1	0.916	0.6666666666666666
-0.8 	-0.1 	0.9 	0.1 	-0.1 	-0.3 	-0.1 	0.2 	0.3 	0	0.0	0.08333333333333333
-0.7 	0.1 	-0.5 	0.9 	-0.3 	-0.5 	0.0 	-0.2 	-0.8 	-1	0.866	0.8333333333333334
-0.9 	0.7 	0.6 	-0.2 	-0.7 	-0.3 	0.8 	-0.8 	0.6 	-1	0.778	0.8333333333333334
0.9 	0.1 	-0.9 	-0.9 	-0.8 	0.2 	-0.2 	0.9 	0.6 	1	0.827	0.08333333333333333
-0.9 	-0.7 	-0.3 	-0.4 	0.2 	-0.1 	-0.1 	-0.2 	0.5 	0	0.0	0.6666666666666666
-0.7 	0.9 	-0.8 	0.1 	0.2 	0.3 	-0.6 	-0.7 	0.2 	-1	0.8240000000000001	0.5833333333333334
-0.2 	0.0 	0.9 	0.1 	0.1 	0.4 	0.5 	-0.9 	0.1 	-1	0.896	0.4166666666666667
0.5 	0.2 	0.4 	-0.9 	-0.7 	0.2 	-0.1 	-0.7 	0.5 	1	0.969	0.8333333333333334
1.0 	-0.6 	-0.7 	0.2 	-0.5 	-0.1 	-0.7 	-0.9 	-0.2 	1	0.869	0.6666666666666666
-0.6 	-0.8 	0.3 	-0.9 	0.6 	0.7 	-0.2 	0.6 	0.7 	1	0.871	0.5
0.1 	-0.9 	-0.2 	1.0 	-0.9 	0.6 	-0.5 	0.2 	-0.5 	0	0.972	0.08333333333333333
1.0 	-0.2 	-0.7 	0.0 	0.2 	-0.5 	0.3 	0.7 	-0.7 	1	0.951	0.6666666666666666
-0.3 	-0.7 	0.2 	0.8 	0.9 	0.4 	0.5 	0.8 	0.4 	0	0.976	0.0
1.0 	0.9 	0.5 	0.3 	0.3 	-0.4 	0.3 	0.5 	-0.9 	1	0.937	0.5
0.2 	-0.2 	-0.9 	0.4 	0.7 	-0.6 	-0.1 	-0.7 	-0.4 	0	0.976	0.0
-0.5 	0.5 	0.0 	0.2 	-0.6 	-0.7 	0.0 	0.9 	0.1 	-1	0.792	0.5
0.6 	-0.9 	-0.9 	-0.8 	1.0 	-0.6 	0.4 	-0.9 	-0.9 	1	0.683	0.08333333333333333
-0.2 	-0.5 	-0.1 	-0.4 	-0.8 	-0.5 	-1.0 	-0.9 	-0.9 	0	0.0	0.3333333333333333
-0.5 	-0.7 	0.0 	0.2 	-0.3 	1.0 	0.6 	0.4 	0.8 	0	0.0	0.4166666666666667
-0.9 	0.1 	0.9 	-0.1 	-0.6 	0.1 	0.0 	0.0 	0.9 	1	0.929	0.3333333333333333
0.5 	0.6 	0.0 	-0.4 	0.2 	0.3 	-0.3 	0.2 	-0.4 	1	0.923	0.3333333333333333
-0.3 	0.2 	-0.2 	0.3 	-0.6 	0.2 	1.0 	0.3 	-0.7 	-1	0.736	0.5
0.3 	-0.5 	-0.6 	0.3 	-0.8 	0.7 	-1.0 	-0.1 	-0.6 	1	0.913	0.5
-0.8 	0.9 	-0.3 	0.2 	0.5 	-0.3 	-0.3 	-0.8 	0.4 	-1	0.86	0.5833333333333334
0.7 	0.3 	0.7 	-0.5 	0.7 	-0.2 	-0.7 	0.3 	0.4 	1	0.9410000000000001	0.6666666666666666
0.3 	0.4 	0.4 	-0.3 	-1.0 	-0.6 	-0.6 	-0.3 	0.5 	1	0.775	0.3333333333333333
0.0 	0.0 	0.8 	0.1 	-1.0 	-0.8 	0.9 	0.0 	-0.9 	-1	0.902	0.75
0.7 	-0.7 	-0.2 	-0.1 	0.1 	0.3 	0.7 	0.8 	-0.8 	1	0.925	0.8333333333333334
-0.1 	-0.5 	-0.2 	0.7 	-0.5 	-0.9 	0.8 	-0.7 	0.1 	-1	0.906	0.3333333333333333
0.6 	-1.0 	0.5 	0.7 	-1.0 	-0.5 	0.9 	-0.3 	-0.2 	1	0.757	0.6666666666666666
-0.1 	-0.1 	0.6 	0.5 	-0.8 	-0.5 	-0.3 	0.1 	0.8 	0	0.0	0.16666666666666666
-0.5 	-0.1 	0.8 	-0.4 	-1.0 	-0.9 	0.4 	0.5 	0.3 	1	0.923	0.16666666666666666
-0.4 	-0.7 	0.0 	-0.3 	-0.7 	-0.2 	-0.4 	0.0 	0.2 	0	0.0	0.4166666666666667
1.0 	1.0 	-0.5 	0.3 	0.2 	-0.9 	0.9 	0.5 	-0.8 	1	0.913	0.08333333333333333
0.0 	0.6 	-0.5 	1.0 	0.4 	-1.0 	-0.2 	-0.8 	-0.3 	-1	0.712	0.4166666666666667
0.7 	0.5 	0.8 	0.8 	-0.3 	-0.3 	-0.3 	-0.9 	0.9 	1	0.9390000000000001	0.5833333333333334
0.6 	0.3 	0.9 	-0.2 	0.0 	0.1 	1.0 	0.5 	-0.1 	1	0.947	0.75
-0.7 	-0.7 	0.9 	-0.9 	-0.8 	0.3 	0.5 	0.1 	0.0 	1	0.869	0.16666666666666666
0.1 	0.7 	0.5 	-0.8 	-0.7 	0.7 	-0.7 	0.6 	-0.1 	-1	0.8240000000000001	0.08333333333333333
0.3 	-0.7 	-0.7 	0.8 	-0.9 	-0.3 	-0.8 	0.9 	0.9 	1	0.815	0.6666666666666666
0.2 	0.9 	-0.8 	-0.1 	0.1 	0.6 	-0.4 	-0.9 	0.7 	1	0.753	0.08333333333333333
0.8 	-0.5 	0.4 	0.5 	-0.3 	0.2 	0.9 	0.3 	-0.2 	1	0.951	0.8333333333333334
1.0 	-0.6 	-0.4 	-0.6 	-0.7 	0.3 	-0.1 	-0.9 	1.0 	1	0.945	0.75
0.7 	0.0 	-0.1 	-0.9 	-0.6 	-0.7 	-0.5 	0.0 	0.5 	1	0.949	0.8333333333333334
0.6 	0.8 	-0.8 	-1.0 	0.2 	0.6 	0.9 	0.5 	-0.8 	-1	0.908	0.16666666666666666
-0.4 	-0.7 	-0.2 	0.8 	0.5 	-0.3 	-1.0 	0.4 	-0.4 	0	0.975	0.08333333333333333
-0.9 	-0.7 	0.8 	-0.6 	0.1 	0.4 	0.4 	0.6 	-0.8 	0	0.0	0.5
0.6 	0.8 	-0.3 	1.0 	-0.3 	0.9 	-0.8 	-0.4 	0.3 	1	0.793	0.16666666666666666
-1.0 	-0.4 	-0.6 	-0.4 	0.0 	0.4 	-0.3 	-0.5 	0.3 	-1	0.040000000000000036	0.9166666666666666
-0.2 	0.7 	0.0 	0.5 	0.6 	-0.6 	-0.1 	-0.9 	0.9 	-1	0.84	0.5833333333333334
-0.3 	0.2 	-0.4 	0.6 	1.0 	-0.5 	0.9 	0.8 	-0.2 	-1	0.788	0.5833333333333334
0.6 	1.0 	-0.9 	1.0 	0.7 	-0.7 	-0.4 	-0.2 	1.0 	1	0.785	0.16666666666666666
-0.8 	0.3 	-0.5 	0.4 	0.7 	0.1 	0.4 	0.3 	-0.7 	-1	0.878	1.0
0.0 	0.5 	0.6 	0.7 	-1.0 	-0.3 	0.7 	-0.3 	-0.2 	-1	0.804	0.16666666666666666
-0.6 	-0.3 	-0.3 	0.8 	0.3 	0.0 	0.0 	0.9 	0.2 	-1	0.6619999999999999	0.75
-0.1 	0.1 	-0.4 	-0.1 	-0.3 	1.0 	0.3 	-1.0 	-0.1 	-1	0.9	0.8333333333333334
-0.2 	1.0 	0.7 	0.0 	-0.7 	0.0 	1.0 	-0.3 	-0.4 	-1	0.834	0.3333333333333333
0.6 	0.3 	-0.8 	-0.7 	-0.4 	0.4 	-1.0 	0.8 	0.7 	-1	0.844	0.4166666666666667
0.5 	0.1 	0.8 	-0.7 	-0.3 	0.8 	-0.2 	-0.2 	0.6 	1	0.951	0.75
0.6 	-0.8 	-0.2 	-0.2 	-0.3 	-0.1 	0.4 	-0.7 	-0.7 	1	0.885	0.8333333333333334
1.0 	-0.7 	-1.0 	-0.7 	-0.2 	0.0 	-0.6 	-0.6 	0.2 	1	0.885	0.6666666666666666
0.4 	-0.1 	-0.1 	-0.1 	-0.5 	0.6 	0.0 	-0.9 	0.0 	1	0.8029999999999999	0.6666666666666666
-0.6 	0.7 	0.6 	-0.3 	-0.9 	-0.9 	-0.9 	-0.4 	0.0 	0	0.0	0.0
-0.5 	0.2 	0.5 	-0.6 	0.9 	0.1 	0.1 	-0.4 	-1.0 	-1	0.718	0.75
0.0 	0.5 	1.0 	0.5 	0.5 	0.7 	-0.4 	-0.2 	0.6 	1	0.051000000000000045	0.08333333333333333
0.1 	0.2 	0.0 	-0.5 	-0.7 	-0.5 	-0.3 	0.1 	0.3 	1	0.845	0.08333333333333333
-0.8 	-0.1 	0.3 	0.7 	0.1 	0.6 	0.4 	0.7 	-0.9 	0	0.0	0.6666666666666666
-0.5 	-0.9 	-0.7 	0.8 	-0.3 	0.6 	0.0 	-0.5 	0.2 	1	0.911	0.0
-0.9 	-1.0 	-0.6 	-0.4 	0.7 	-0.1 	-1.0 	0.0 	-0.6 	1	0.873	0.16666666666666666
-0.3 	0.0 	-0.5 	-0.4 	-0.6 	0.3 	0.8 	1.0 	-0.9 	-1	0.848	0.8333333333333334
-0.2 	-0.3 	0.1 	-0.5 	-0.6 	0.3 	0.5 	-0.8 	0.5 	1	0.963	0.08333333333333333
0.5 	0.6 	-0.3 	0.1 	0.7 	0.5 	0.2 	0.4 	-1.0 	-1	0.872	0.08333333333333333
0.1 	-0.1 	0.8 	0.3 	0.3 	-0.1 	0.0 	-0.6 	1.0 	-1	0.902	0.6666666666666666
0.9 	0.9 	0.1 	0.7 	0.8 	-1.0 	0.7 	-1.0 	1.0 	1	0.589	0.16666666666666666
0.9 	0.6 	-0.9 	1.0 	-0.3 	-1.0 	0.9 	-0.4 	0.9 	1	0.7010000000000001	0.08333333333333333
0.8 	-0.7 	0.4 	-0.9 	-0.9 	1.0 	-0.4 	0.2 	-0.3 	1	0.955	1.0
-0.4 	-0.2 	0.0 	-0.6 	0.7 	-0.6 	0.3 	0.9 	0.6 	1	0.835	0.4166666666666667
-0.8 	-0.2 	-0.5 	-0.6 	-0.1 	-0.7 	0.7 	0.1 	1.0 	1	0.885	0.6666666666666666
-0.6 	0.8 	0.5 	0.3 	0.8 	0.4 	0.1 	1.0 	0.9 	-1	0.85	0.25
-0.4 	-0.1 	-1.0 	-0.5 	0.1 	-0.3 	0.4 	-0.4 	0.7 	-1	0.33399999999999996	0.9166666666666666
-0.9 	-0.2 	0.4 	0.6 	0.0 	0.6 	-0.6 	-0.9 	0.3 	0	0.0	0.5833333333333334
-0.5 	0.1 	0.1 	-0.3 	-0.3 	0.4 	0.2 	0.6 	0.5 	1	0.909	0.5
0.6 	1.0 	0.7 	0.1 	-0.1 	0.4 	0.7 	0.3 	-0.1 	1	0.9390000000000001	0.5
0.0 	0.6 	0.5 	0.8 	-0.5 	-0.6 	0.6 	0.2 	0.1 	-1	0.808	0.25
-0.2 	-0.1 	-0.1 	0.1 	-0.7 	-0.9 	-0.7 	-0.7 	0.9 	0	0.0	0.5833333333333334
0.7 	0.6 	-0.5 	-1.0 	0.4 	0.1 	0.4 	-0.1 	-0.3 	1	0.795	0.16666666666666666
-0.2 	-0.5 	-1.0 	0.8 	0.6 	-0.8 	0.5 	-0.4 	-0.6 	0	0.975	0.0
0.5 	-0.4 	0.8 	0.1 	0.8 	-0.9 	0.7 	-0.1 	-0.5 	0	0.974	0.0
-0.9 	-0.8 	1.0 	0.4 	0.4 	-0.4 	-1.0 	0.4 	-0.7 	0	0.0	0.4166666666666667
0.9 	-0.8 	-0.9 	0.6 	-0.3 	-0.9 	0.7 	0.8 	-0.8 	1	0.933	0.8333333333333334
-0.9 	-0.1 	0.2 	-0.3 	-0.3 	0.8 	-0.6 	-0.1 	0.9 	0	0.976	0.0
-0.8 	-0.3 	-0.7 	-0.9 	0.7 	0.4 	0.1 	-0.6 	0.4 	-1	0.41400000000000003	1.0
-1.0 	0.7 	-0.9 	0.0 	0.0 	1.0 	-0.5 	0.7 	0.3 	-1	0.9319999999999999	1.0
-0.5 	0.0 	-0.6 	-0.2 	0.9 	-0.4 	-0.8 	0.0 	-1.0 	-1	0.78	0.8333333333333334
0.2 	-0.1 	0.3 	-0.8 	0.8 	-0.7 	0.9 	-0.6 	0.4 	0	0.0	0.25
-1.0 	0.0 	-0.1 	0.3 	-0.1 	-0.5 	0.1 	0.5 	0.5 	1	0.875	0.8333333333333334
0.6 	-0.9 	-0.3 	-0.3 	-0.8 	-0.1 	-0.7 	-0.9 	0.9 	1	0.917	0.5
0.8 	0.5 	0.8 	-0.8 	-0.7 	-0.9 	-0.4 	0.9 	0.9 	1	0.943	0.6666666666666666
1.0 	-0.4 	-0.9 	0.8 	-0.1 	-1.0 	0.0 	-0.3 	-0.6 	1	0.925	0.8333333333333334
-0.4 	0.1 	-0.9 	-0.2 	0.3 	0.1 	-0.8 	-0.5 	-1.0 	-1	0.782	0.75
-0.1 	-0.6 	-0.6 	0.8 	0.2 	-0.9 	-0.3 	0.7 	-1.0 	0	0.0	0.16666666666666666
0.6 	-0.2 	0.2 	-0.5 	0.8 	-0.2 	-0.6 	1.0 	0.4 	1	0.953	0.8333333333333334
-0.5 	-1.0 	0.1 	-1.0 	-0.7 	0.3 	0.3 	-0.8 	1.0 	0	0.973	0.0
0.0 	0.5 	-0.5 	-0.9 	0.0 	0.5 	-0.6 	0.5 	0.4 	-1	0.868	0.4166666666666667
-0.5 	0.3 	0.5 	0.7 	-0.5 	-0.1 	0.1 	-0.2 	0.0 	-1	0.5720000000000001	0.3333333333333333
0.1 	-0.7 	0.9 	-0.6 	-0.6 	0.0 	0.6 	0.1 	1.0 	1	0.853	0.8333333333333334
-1.0 	0.5 	0.6 	0.2 	0.6 	0.7 	0.4 	-0.2 	-0.6 	-1	0.834	0.6666666666666666
-0.2 	-0.9 	0.8 	0.2 	1.0 	-0.6 	-0.9 	0.0 	0.7 	0	0.973	0.08333333333333333
1.0 	0.9 	-0.3 	0.4 	0.7 	0.2 	-0.1 	0.1 	-0.9 	-1	0.862	0.08333333333333333
0.5 	-0.8 	-0.1 	-1.0 	0.1 	-0.1 	0.7 	0.7 	-0.8 	1	0.933	0.6666666666666666
0.5 	0.2 	-0.5 	-0.5 	0.4 	-1.0 	0.2 	0.7 	-0.2 	-1	0.886	0.08333333333333333
0.5 	0.1 	-0.5 	-0.2 	0.7 	0.3 	-0.5 	1.0 	-0.5 	1	0.945	0.4166666666666667
1.0 	-1.0 	0.3 	-0.1 	-0.1 	-0.1 	0.1 	-0.3 	0.6 	1	0.953	0.8333333333333334
-0.1 	-0.2 	0.2 	-0.8 	0.6 	-1.0 	0.4 	0.4 	-0.4 	0	0.0	0.0
-0.5 	-0.8 	0.4 	0.3 	-0.7 	0.2 	-0.4 	-0.9 	-0.3 	0	0.973	0.08333333333333333
-0.9 	-0.8 	-0.3 	0.6 	-0.4 	-0.5 	-0.1 	-0.5 	-1.0 	0	0.0	0.0
0.3 	-1.0 	1.0 	0.3 	0.4 	0.2 	-1.0 	0.9 	0.2 	1	0.943	0.9166666666666666
-0.3 	-0.7 	0.4 	0.5 	0.5 	-0.5 	-0.7 	0.2 	-0.7 	1	0.967	0.16666666666666666
-0.6 	0.8 	-0.9 	-0.7 	-0.1 	0.9 	-0.3 	0.4 	-0.4 	-1	0.882	0.5
-0.8 	-0.4 	0.6 	-0.9 	0.7 	-1.0 	1.0 	-0.2 	0.1 	1	0.919	0.08333333333333333
-0.2 	0.2 	0.4 	0.5 	1.0 	0.4 	0.3 	0.5 	-0.5 	-1	0.712	0.3333333333333333
-0.7 	-0.3 	0.8 	-0.5 	0.0 	-1.0 	-1.0 	1.0 	1.0 	0	0.0	0.08333333333333333
0.2 	-0.6 	1.0 	-0.2 	-0.1 	0.4 	-0.5 	-0.7 	0.2 	1	0.925	0.6666666666666666
-0.1 	0.3 	0.9 	0.9 	0.8 	0.6 	-0.9 	0.0 	-0.2 	-1	0.704	0.08333333333333333
0.0 	-0.6 	-0.7 	-0.3 	-0.7 	0.3 	1.0 	-0.8 	0.6 	-1	0.05600000000000005	0.4166666666666667
-0.6 	-0.5 	-0.9 	0.7 	0.3 	-0.4 	0.5 	-0.1 	-0.9 	-1	0.32399999999999995	0.6666666666666666
0.4 	-0.7 	-0.3 	0.8 	-0.2 	0.6 	-0.3 	0.9 	-0.7 	1	0.7110000000000001	0.3333333333333333
-0.4 	0.2 	0.0 	-0.2 	0.1 	0.9 	-1.0 	-0.9 	-0.8 	-1	0.882	0.9166666666666666
0.0 	-0.3 	-0.3 	1.0 	0.5 	0.5 	-0.5 	-0.2 	-0.9 	0	0.0	0.4166666666666667
1.0 	0.4 	0.3 	0.7 	0.9 	-0.5 	0.7 	0.0 	-0.1 	1	0.929	0.5
-1.0 	0.9 	0.6 	-0.5 	0.4 	-1.0 	0.9 	1.0 	0.3 	-1	0.892	0.5833333333333334
0.7 	0.8 	0.2 	0.8 	1.0 	0.4 	-0.2 	-0.8 	-0.5 	1	0.945	0.75
-0.5 	0.8 	-0.8 	-0.6 	-0.9 	-0.9 	-0.9 	-1.0 	-0.2 	-1	0.852	0.4166666666666667
-1.0 	0.5 	-0.2 	-0.6 	-0.2 	-0.8 	-0.9 	-0.7 	-0.1 	-1	0.91	0.75
-0.7 	-0.1 	-0.3 	0.0 	-0.8 	-0.6 	-0.7 	0.8 	-0.3 	-1	0.4	0.9166666666666666
0.0 	0.6 	-0.5 	1.0 	0.9 	0.7 	-0.6 	0.5 	0.0 	-1	0.864	0.16666666666666666
0.3 	-0.3 	0.7 	-0.8 	0.3 	-0.7 	0.0 	0.1 	0.7 	1	0.837	0.6666666666666666
1.0 	0.6 	1.0 	-0.5 	-0.7 	0.3 	0.0 	-0.4 	0.6 	1	0.783	0.3333333333333333
-0.1 	1.0 	0.9 	1.0 	0.5 	-0.5 	-0.1 	0.4 	-0.7 	-1	0.794	0.25
-0.5 	-0.1 	-0.6 	-0.8 	-0.3 	0.2 	0.1 	1.0 	1.0 	-1	0.404	0.75
-0.2 	0.8 	0.5 	-0.1 	-0.9 	0.9 	0.5 	-1.0 	0.9 	-1	0.788	0.3333333333333333
0.8 	0.3 	-0.9 	-0.5 	-0.1 	0.4 	-0.1 	-0.9 	-0.6 	-1	0.802	0.4166666666666667
-0.7 	0.2 	-0.8 	0.6 	-0.9 	-0.8 	-1.0 	0.4 	-0.4 	0	0.0	0.6666666666666666
0.1 	-0.9 	-0.4 	0.7 	-0.8 	0.0 	-0.1 	-0.1 	0.2 	1	0.621	0.5833333333333334
0.5 	0.1 	0.1 	0.4 	-0.4 	0.6 	-0.8 	0.4 	0.2 	1	0.953	0.75
0.0 	0.1 	-0.4 	0.7 	-0.1 	-0.4 	0.2 	0.6 	-1.0 	-1	0.832	0.4166666666666667
0.9 	-0.6 	-0.6 	-0.5 	0.8 	0.6 	0.2 	0.3 	-0.3 	-1	0.9	0.6666666666666666
0.7 	1.0 	0.6 	0.3 	-0.4 	-0.5 	-0.2 	-0.2 	0.6 	1	0.837	0.16666666666666666
0.6 	-0.7 	0.1 	-0.3 	-0.1 	0.6 	0.8 	0.5 	-0.5 	1	0.9410000000000001	0.8333333333333334
0.5 	-1.0 	1.0 	-0.2 	0.6 	-0.7 	0.8 	-0.1 	-0.6 	1	0.933	0.75
0.1 	-0.5 	0.9 	-0.3 	-0.4 	-0.4 	-0.3 	-0.3 	0.7 	-1	0.894	0.8333333333333334
0.6 	-0.6 	-0.4 	-0.1 	-0.2 	0.0 	-0.8 	-0.6 	0.5 	1	0.849	0.75
0.2 	-0.5 	0.0 	-0.3 	0.4 	-0.9 	0.8 	0.0 	-0.9 	0	0.971	0.08333333333333333
0.1 	0.9 	-0.5 	-0.7 	0.0 	-0.2 	0.7 	-1.0 	0.7 	-1	0.792	0.5
-0.7 	-0.9 	0.7 	1.0 	-0.1 	0.8 	-0.2 	0.0 	0.8 	0	0.0	0.08333333333333333
1.0 	-0.7 	-0.4 	0.9 	0.9 	-0.5 	1.0 	-0.4 	-0.9 	1	0.949	0.75
-0.7 	0.2 	-0.9 	-0.7 	0.2 	-0.5 	-0.4 	0.4 	-0.2 	1	0.899	0.75
0.7 	0.1 	0.9 	-0.9 	1.0 	0.3 	-0.2 	-0.3 	1.0 	1	0.885	0.4166666666666667
0.6 	-0.4 	-0.7 	0.8 	-0.9 	1.0 	0.1 	-0.3 	-0.8 	1	0.867	0.5833333333333334
0.0 	-1.0 	0.2 	0.6 	0.8 	-0.5 	-1.0 	0.3 	0.5 	1	0.831	0.16666666666666666
-0.3 	-0.3 	0.4 	-0.7 	-1.0 	0.0 	1.0 	-1.0 	-0.9 	0	0.0	0.08333333333333333
0.1 	0.4 	0.8 	0.7 	-0.1 	-0.8 	-0.9 	0.5 	0.3 	1	0.861	0.3333333333333333
1.0 	-0.9 	1.0 	-1.0 	-0.9 	0.2 	-0.6 	1.0 	1.0 	1	0.957	0.8333333333333334
0.9 	1.0 	-1.0 	0.6 	0.7 	-0.6 	0.7 	0.5 	-0.2 	1	0.847	0.08333333333333333
0.7 	-0.4 	-0.9 	1.0 	-0.4 	0.2 	1.0 	-0.9 	-0.3 	1	0.657	0.5833333333333334
-0.3 	-0.4 	-0.4 	0.9 	0.7 	0.2 	0.6 	1.0 	-0.8 	0	0.0	0.5
-0.6 	-0.4 	-0.8 	0.7 	-1.0 	-0.6 	-0.5 	-0.4 	-0.9 	0	0.975	0.0
0.1 	0.4 	-0.5 	0.4 	-0.7 	-0.7 	-0.7 	-0.1 	0.9 	-1	0.5700000000000001	0.16666666666666666
0.9 	0.5 	-0.5 	0.9 	0.7 	1.0 	0.7 	0.8 	0.6 	1	0.7130000000000001	0.08333333333333333
0.8 	-0.5 	-0.1 	1.0 	0.8 	-0.2 	-0.7 	-0.8 	-0.5 	1	0.951	0.8333333333333334
0.9 	-0.8 	-1.0 	-0.5 	-0.4 	-0.7 	-0.5 	-0.5 	0.1 	1	0.923	0.5
0.3 	-0.2 	-0.3 	-0.9 	0.2 	0.6 	0.6 	1.0 	0.7 	1	0.867	0.5833333333333334
0.4 	0.7 	-0.9 	0.5 	0.1 	0.5 	1.0 	0.2 	0.5 	-1	0.726	0.08333333333333333
-0.6 	-0.7 	1.0 	-0.5 	-0.1 	-0.1 	-0.1 	0.9 	-0.6 	0	0.0	0.4166666666666667
-0.3 	-0.5 	-0.9 	-0.9 	0.7 	0.7 	-0.1 	0.4 	0.7 	-1	0.020000000000000018	0.4166666666666667
-1.0 	-0.1 	-0.4 	0.1 	-0.2 	-0.2 	-1.0 	-0.4 	-0.8 	0	0.974	0.0
0.0 	0.4 	0.9 	0.5 	-0.3 	-0.8 	0.3 	-0.7 	-0.8 	-1	0.558	0.08333333333333333
-1.0 	1.0 	0.2 	-0.2 	-1.0 	0.4 	0.7 	0.1 	-0.3 	-1	0.856	0.75
0.9 	-1.0 	0.9 	-0.6 	0.7 	0.6 	0.3 	-1.0 	-1.0 	1	0.895	0.8333333333333334
0.1 	0.5 	-1.0 	-0.8 	-0.2 	1.0 	-0.1 	0.0 	-0.1 	-1	0.846	0.16666666666666666
0.2 	0.5 	-1.0 	-0.8 	0.0 	0.5 	0.2 	-0.1 	-0.1 	-1	0.754	0.16666666666666666
0.0 	0.5 	-0.1 	0.1 	-0.5 	-0.1 	-0.6 	0.5 	0.9 	-1	0.834	0.08333333333333333
-0.7 	-0.6 	1.0 	0.6 	-1.0 	0.2 	0.7 	0.3 	0.2 	0	0.0	0.0
-0.1 	0.2 	0.3 	-0.7 	-0.2 	-0.9 	0.5 	-0.1 	-1.0 	-1	0.768	0.16666666666666666
0.7 	0.2 	0.2 	0.8 	-0.3 	-0.4 	0.2 	-0.1 	0.4 	1	0.869	0.16666666666666666
-0.4 	-0.7 	-0.1 	-0.9 	-0.5 	0.2 	-0.6 	0.2 	-0.4 	-1	0.75	0.75
1.0 	-1.0 	-0.7 	-0.6 	-0.1 	0.4 	-0.1 	0.6 	0.5 	1	0.949	0.8333333333333334
0.4 	0.2 	-0.4 	0.9 	-0.4 	0.0 	1.0 	-1.0 	-0.3 	1	0.651	0.4166666666666667
0.7 	-0.5 	-0.8 	0.2 	0.3 	0.3 	-0.9 	0.5 	0.1 	1	0.947	0.8333333333333334
-0.8 	0.2 	0.5 	0.7 	0.2 	-0.7 	-0.2 	-0.2 	-1.0 	0	0.972	0.08333333333333333
0.7 	-0.5 	0.7 	0.6 	0.7 	-0.4 	0.9 	-0.7 	0.9 	1	0.951	0.8333333333333334
-0.6 	0.0 	0.9 	0.4 	0.9 	-0.6 	1.0 	-0.6 	1.0 	-1	0.966	0.0
-0.8 	-0.3 	0.3 	-0.4 	0.9 	0.5 	-0.2 	-0.5 	0.6 	0	0.0	0.4166666666666667
0.7 	0.8 	-0.2 	-0.4 	0.2 	-0.3 	-0.6 	0.8 	0.8 	1	0.873	0.16666666666666666
-0.4 	0.3 	1.0 	-0.8 	-0.3 	0.1 	-0.4 	0.3 	0.1 	-1	0.622	0.25
0.9 	0.3 	0.1 	-0.5 	-0.1 	-0.2 	0.2 	0.0 	0.1 	1	0.887	0.4166666666666667
0.9 	-0.8 	-0.7 	0.2 	-0.5 	-0.5 	-0.9 	-0.6 	0.6 	1	0.9390000000000001	0.6666666666666666
-1.0 	-0.6 	0.1 	-0.8 	-0.2 	-0.7 	0.4 	-0.2 	-0.6 	-1	0.968	0.08333333333333333
-0.7 	0.6 	0.2 	-0.8 	-0.8 	-0.9 	-1.0 	-0.9 	-0.3 	-1	0.71	0.3333333333333333
0.2 	0.1 	0.7 	0.7 	0.4 	0.0 	-0.7 	-0.9 	0.9 	1	0.853	0.6666666666666666
0.4 	0.3 	0.0 	-0.6 	0.3 	-0.8 	-0.7 	0.3 	-0.1 	1	0.829	0.08333333333333333
0.3 	-0.3 	-0.1 	0.3 	-0.1 	-0.1 	0.1 	0.2 	-0.7 	1	0.935	0.6666666666666666
-0.1 	0.0 	0.4 	0.6 	0.3 	0.9 	-0.9 	0.2 	0.0 	-1	0.20799999999999996	0.4166666666666667
0.2 	-0.3 	-0.1 	0.8 	0.5 	-0.9 	-0.6 	0.8 	0.4 	1	0.891	0.5833333333333334
0.7 	-0.8 	0.8 	-0.5 	0.1 	0.5 	-0.5 	-0.3 	0.4 	1	0.943	0.8333333333333334
0.6 	-1.0 	0.4 	-0.3 	-0.8 	-0.3 	0.3 	-0.6 	-0.6 	1	0.915	0.9166666666666666
-0.7 	-0.6 	-0.6 	-0.2 	-0.2 	0.8 	-0.1 	-0.4 	0.1 	1	0.5589999999999999	0.5
0.7 	0.3 	-0.4 	0.6 	0.8 	0.4 	1.0 	-0.7 	0.6 	1	0.945	0.4166666666666667
0.5 	0.6 	-0.1 	0.3 	-1.0 	0.9 	0.1 	0.8 	0.3 	1	0.903	0.16666666666666666
0.7 	0.6 	0.1 	0.9 	0.6 	1.0 	-0.8 	0.6 	-0.4 	1	0.959	0.75
0.6 	0.9 	0.7 	0.4 	0.8 	-0.2 	0.6 	-0.9 	-1.0 	1	0.931	0.6666666666666666
-0.9 	0.5 	-0.2 	-0.7 	-0.2 	-0.4 	0.1 	-0.5 	-0.8 	-1	0.876	0.6666666666666666
-0.9 	-0.8 	-0.8 	-0.6 	-0.7 	0.6 	0.7 	-0.3 	-1.0 	-1	0.028000000000000025	0.8333333333333334
-0.6 	-0.2 	0.7 	0.7 	-0.4 	-0.1 	0.7 	-0.1 	-0.4 	0	0.0	0.0
1.0 	-1.0 	-0.7 	-0.8 	0.1 	-0.7 	0.7 	-0.1 	-0.5 	1	0.955	0.5
0.0 	-0.4 	-0.7 	0.3 	0.2 	-0.9 	0.5 	1.0 	0.2 	-1	0.124	0.4166666666666667
-1.0 	0.0 	-0.4 	-0.6 	-0.6 	0.4 	0.2 	-0.1 	-0.5 	-1	0.634	0.9166666666666666
0.1 	-1.0 	-0.3 	-0.8 	-0.2 	-0.1 	-0.2 	-0.3 	0.5 	1	0.843	0.5
0.1 	0.7 	0.9 	-0.2 	-0.4 	0.2 	0.6 	-0.8 	0.3 	-1	0.696	0.08333333333333333
0.7 	1.0 	-0.7 	0.3 	0.5 	-0.9 	-0.8 	-0.6 	0.2 	-1	0.77	0.16666666666666666
-1.0 	0.9 	-0.6 	0.7 	0.1 	-0.1 	0.3 	-0.7 	1.0 	-1	0.96	0.16666666666666666
-0.5 	1.0 	-0.4 	0.0 	-0.9 	-1.0 	-0.8 	0.9 	-0.3 	-1	0.8220000000000001	0.4166666666666667
0.2 	0.7 	-0.6 	-0.3 	-0.4 	-0.6 	-0.6 	0.6 	0.0 	-1	0.878	0.16666666666666666
0.9 	0.3 	0.5 	-0.1 	-0.4 	0.9 	-0.4 	0.0 	-0.9 	1	0.889	0.5833333333333334
-0.4 	1.0 	-0.3 	-1.0 	-0.4 	-0.2 	0.0 	-1.0 	-0.8 	-1	0.844	0.3333333333333333
0.2 	-0.7 	-0.3 	-0.6 	-0.9 	0.0 	-0.2 	-0.9 	-0.2 	0	0.0	0.0
-0.9 	0.3 	0.8 	0.3 	0.4 	-0.4 	-0.8 	0.6 	0.5 	0	0.0	0.6666666666666666
-0.9 	0.4 	-0.4 	-0.9 	0.7 	-0.3 	-0.7 	0.1 	-0.7 	-1	0.898	0.8333333333333334
-0.4 	1.0 	-0.9 	-0.2 	-0.2 	-0.5 	-0.1 	1.0 	0.4 	-1	0.886	0.5833333333333334
-0.9 	0.8 	-0.3 	-0.6 	-0.2 	0.2 	-0.3 	-0.3 	-0.9 	-1	0.868	0.75
-0.3 	0.6 	-0.5 	-0.3 	-0.7 	-0.9 	0.1 	-0.3 	-0.9 	-1	0.836	0.5833333333333334
0.6 	0.7 	0.2 	-0.9 	-0.4 	0.9 	0.2 	-0.2 	0.8 	1	0.795	0.16666666666666666
-0.2 	-0.4 	-1.0 	-0.1 	0.1 	-0.3 	0.9 	-0.8 	-0.1 	-1	0.21199999999999997	0.4166666666666667
-0.6 	-0.8 	0.9 	0.7 	-0.6 	-0.9 	0.4 	0.8 	-0.3 	0	0.978	0.0
0.5 	0.3 	0.5 	0.2 	-0.5 	0.8 	-0.3 	-0.7 	-0.4 	1	0.929	0.75
0.1 	-0.3 	-0.1 	-1.0 	-0.9 	0.2 	0.2 	0.1 	-0.4 	1	0.957	0.4166666666666667
-0.1 	0.8 	-0.1 	-0.9 	0.6 	-0.2 	-0.5 	0.4 	0.6 	-1	0.842	0.75
-0.8 	0.1 	-0.9 	0.5 	-0.4 	0.4 	-0.6 	-0.6 	0.5 	-1	0.766	0.8333333333333334
0.0 	0.5 	0.7 	0.8 	0.6 	0.8 	0.8 	0.9 	-0.8 	1	0.859	0.16666666666666666
-0.3 	-0.8 	0.7 	0.0 	1.0 	-0.3 	-0.8 	0.1 	0.6 	1	0.893	0.08333333333333333
0.3 	0.4 	-0.9 	-1.0 	1.0 	0.8 	0.8 	-0.6 	0.7 	-1	0.552	0.08333333333333333
-0.5 	-0.8 	0.5 	-0.7 	-0.1 	-0.8 	0.5 	-0.9 	-0.9 	1	0.863	0.08333333333333333
0.5 	0.8 	0.0 	0.7 	0.7 	0.7 	-0.9 	0.1 	0.9 	1	0.877	0.4166666666666667
1.0 	0.0 	-0.3 	0.1 	0.1 	1.0 	-0.2 	0.2 	0.8 	1	0.9410000000000001	0.5
-0.3 	-0.8 	0.3 	0.7 	0.8 	-0.3 	0.0 	-0.3 	0.0 	1	0.965	0.08333333333333333
0.3 	0.6 	-0.3 	0.0 	0.6 	0.6 	-0.8 	-1.0 	-0.5 	-1	0.792	0.3333333333333333
0.8 	0.9 	0.8 	0.7 	-1.0 	0.5 	-0.8 	0.3 	1.0 	1	0.921	0.3333333333333333
-0.1 	0.9 	-0.8 	0.2 	-0.8 	0.1 	0.2 	0.6 	-1.0 	-1	0.88	0.5833333333333334
0.5 	0.8 	0.2 	0.9 	0.0 	0.4 	-1.0 	0.8 	-0.1 	-1	0.84	0.08333333333333333
-0.6 	-1.0 	-0.4 	0.6 	-0.8 	0.0 	0.0 	-0.9 	0.3 	-1	0.016000000000000014	0.75
-0.9 	0.0 	0.4 	-0.2 	0.1 	0.2 	0.4 	-0.3 	-0.7 	0	0.0	0.75
-0.4 	0.5 	-0.3 	0.1 	-0.3 	0.1 	-0.7 	-0.5 	0.8 	-1	0.774	0.5833333333333334
0.0 	0.1 	0.2 	-0.1 	-0.4 	0.1 	0.7 	0.0 	0.5 	1	0.847	0.5833333333333334
-0.2 	1.0 	0.2 	0.0 	-1.0 	0.0 	-0.7 	0.0 	0.5 	-1	0.8280000000000001	0.3333333333333333
0.6 	-0.7 	-0.2 	-0.3 	-0.2 	-0.9 	-0.7 	-0.9 	-0.3 	1	0.881	0.8333333333333334
-0.2 	-0.2 	0.4 	0.2 	-0.2 	0.2 	-0.9 	0.6 	1.0 	0	0.0	0.0
0.0 	0.5 	0.4 	0.8 	-0.7 	0.1 	-1.0 	0.5 	0.1 	-1	0.754	0.08333333333333333
1.0 	1.0 	0.1 	0.0 	-0.5 	-0.5 	0.0 	0.1 	-0.4 	1	0.937	0.75
0.6 	0.4 	1.0 	-0.1 	-0.5 	0.9 	0.2 	-0.3 	-0.9 	1	0.947	0.6666666666666666
0.6 	-0.3 	-0.7 	0.2 	-0.1 	-0.2 	0.9 	0.1 	0.0 	1	0.935	0.6666666666666666
0.4 	-0.6 	-0.1 	-0.6 	-0.3 	-0.8 	-0.1 	-0.6 	0.2 	1	0.823	0.6666666666666666
0.7 	0.8 	0.4 	0.5 	0.6 	-0.5 	0.7 	-0.6 	0.3 	1	0.569	0.25
-0.2 	-0.9 	0.6 	-0.7 	-0.3 	0.8 	-0.3 	0.3 	-0.4 	0	0.0	0.4166666666666667
-0.4 	0.6 	-1.0 	-0.3 	0.7 	-0.1 	-0.7 	0.6 	-0.6 	-1	0.832	0.6666666666666666
0.7 	-0.6 	0.8 	0.9 	-0.1 	-0.6 	0.1 	0.9 	0.0 	1	0.963	0.9166666666666666
-0.9 	-0.8 	0.6 	-0.5 	0.0 	0.6 	0.3 	-1.0 	0.2 	0	0.0	0.4166666666666667
0.1 	-0.7 	0.3 	0.8 	0.1 	-0.3 	0.5 	0.7 	0.0 	0	0.0	0.8333333333333334
0.5 	0.2 	0.8 	-0.8 	0.5 	-0.6 	1.0 	-0.2 	-1.0 	1	0.957	0.6666666666666666
-0.8 	-0.9 	-0.5 	0.4 	-0.5 	-0.6 	1.0 	0.3 	0.4 	0	0.0	0.4166666666666667
0.3 	-1.0 	0.3 	-0.7 	-0.8 	0.2 	0.5 	0.4 	0.5 	1	0.957	0.6666666666666666
0.6 	0.2 	0.7 	-0.4 	0.8 	0.2 	-0.8 	-0.6 	0.7 	1	0.935	0.5833333333333334
0.3 	-0.5 	-1.0 	0.1 	-0.6 	-0.9 	-1.0 	-0.4 	0.5 	1	0.743	0.5833333333333334
-0.9 	0.5 	0.4 	0.7 	-0.6 	-0.9 	0.3 	1.0 	-0.5 	-1	0.802	0.5
0.4 	-0.4 	0.0 	-0.8 	0.1 	-0.1 	0.9 	0.3 	-0.1 	1	0.901	0.5
0.2 	-0.1 	-0.8 	0.7 	-0.4 	0.3 	-0.7 	-1.0 	0.2 	1	0.645	0.5833333333333334
0.8 	-0.7 	0.6 	-0.5 	0.0 	-0.2 	0.9 	0.8 	-0.5 	1	0.959	0.8333333333333334
0.3 	-0.2 	0.6 	0.0 	0.8 	0.2 	0.6 	0.2 	-0.6 	1	0.943	0.6666666666666666
-0.3 	0.8 	-0.3 	0.7 	-0.8 	-0.7 	0.8 	0.6 	0.0 	-1	0.862	0.5833333333333334
-0.8 	0.2 	0.8 	-0.6 	0.7 	-0.5 	0.9 	-0.5 	-0.8 	1	0.925	0.4166666666666667
-0.9 	0.5 	0.5 	1.0 	-0.2 	-0.3 	-0.9 	-0.3 	-0.1 	-1	0.64	0.5
-0.4 	0.3 	-0.9 	0.3 	-0.8 	0.1 	0.0 	0.2 	-0.2 	-1	0.83	0.5833333333333334
0.6 	0.1 	-0.2 	0.9 	-0.3 	1.0 	-0.2 	-0.9 	-1.0 	1	0.569	0.5833333333333334
0.8 	1.0 	0.3 	-0.9 	-0.1 	0.2 	0.1 	-0.8 	0.0 	1	0.869	0.3333333333333333
0.4 	0.6 	-0.3 	-0.8 	0.6 	-0.6 	-0.2 	-0.1 	0.8 	-1	0.942	0.4166666666666667
0.2 	0.9 	0.6 	0.4 	-1.0 	-1.0 	-1.0 	0.1 	0.1 	-1	0.812	0.08333333333333333
0.9 	1.0 	0.8 	0.5 	0.6 	0.5 	0.9 	-0.7 	-0.2 	1	0.937	0.6666666666666666
0.2 	-0.4 	1.0 	-0.1 	-0.2 	0.3 	1.0 	0.7 	0.5 	1	0.949	0.9166666666666666
0.0 	0.7 	-0.4 	-0.8 	0.1 	0.6 	0.9 	-1.0 	1.0 	-1	0.808	0.3333333333333333
-0.2 	0.7 	-0.2 	0.9 	-0.1 	0.0 	0.0 	-0.6 	-0.1 	-1	0.8280000000000001	0.5833333333333334
0.3 	-1.0 	0.6 	-0.4 	-0.4 	1.0 	0.5 	0.5 	-0.9 	1	0.827	0.75
0.3 	-0.9 	0.3 	-0.6 	-0.6 	-0.5 	0.4 	0.1 	0.9 	1	0.8089999999999999	0.8333333333333334
1.0 	-1.0 	-0.9 	0.2 	-0.7 	0.3 	0.9 	0.2 	-0.2 	1	0.821	0.5833333333333334
0.9 	-0.7 	-0.9 	0.7 	0.4 	-0.2 	-1.0 	-1.0 	0.0 	-1	0.898	0.8333333333333334
0.8 	0.4 	-0.7 	0.3 	0.3 	-1.0 	-0.5 	0.3 	0.0 	1	0.905	0.25
-0.3 	-0.3 	0.7 	0.5 	0.4 	0.9 	1.0 	0.7 	0.8 	0	0.978	0.0
-0.2 	-0.4 	-0.4 	-0.7 	-1.0 	-0.8 	-0.4 	-1.0 	-0.8 	0	0.0	0.5
0.4 	-0.1 	-0.7 	0.3 	-1.0 	0.2 	-0.2 	0.5 	0.8 	1	0.945	0.8333333333333334
0.7 	-0.8 	-0.9 	0.4 	0.8 	-1.0 	0.1 	-0.4 	-0.6 	1	0.5469999999999999	0.4166666666666667
0.0 	0.9 	0.1 	0.3 	1.0 	0.8 	0.4 	0.1 	-0.6 	-1	0.862	0.16666666666666666
0.1 	-0.8 	-0.3 	0.5 	0.5 	0.0 	-0.8 	0.3 	-0.6 	1	0.905	0.8333333333333334
-1.0 	-0.8 	0.6 	0.1 	-0.2 	-0.5 	0.5 	0.5 	0.5 	0	0.0	0.3333333333333333
1.0 	1.0 	0.8 	-0.8 	0.6 	-0.1 	-0.9 	0.3 	-0.3 	1	0.943	0.5
-0.9 	0.2 	0.6 	-0.2 	-0.5 	0.0 	-0.2 	0.5 	-0.9 	-1	0.74	0.75
-0.4 	0.6 	0.8 	-0.5 	0.2 	0.7 	-0.2 	-0.3 	0.0 	-1	0.606	0.3333333333333333
0.3 	0.1 	0.5 	-0.4 	0.9 	0.0 	0.2 	0.4 	-0.5 	1	0.919	0.5
0.9 	0.2 	0.4 	-0.4 	0.5 	-1.0 	-0.8 	-0.6 	0.8 	1	0.957	0.75
-0.6 	0.5 	1.0 	0.7 	0.2 	0.8 	0.5 	0.6 	-0.7 	-1	0.766	0.5
0.2 	0.1 	0.8 	0.3 	0.1 	-0.6 	-0.3 	0.2 	1.0 	1	0.929	0.3333333333333333
0.8 	-0.6 	-0.7 	-0.7 	0.1 	0.3 	0.5 	-0.8 	0.8 	1	0.959	0.75
0.6 	0.0 	-0.2 	0.8 	-0.2 	0.4 	0.4 	-1.0 	-0.1 	1	0.729	0.5833333333333334
-0.9 	0.1 	-0.1 	0.9 	1.0 	0.5 	-0.8 	0.6 	0.1 	-1	0.806	0.8333333333333334
0.2 	0.5 	-0.8 	0.3 	-0.7 	0.7 	-0.9 	0.2 	0.4 	-1	0.8240000000000001	0.08333333333333333
-0.8 	0.4 	0.0 	-0.5 	-0.3 	-0.2 	0.9 	0.8 	0.3 	-1	0.856	0.75
-1.0 	1.0 	-0.4 	0.9 	1.0 	0.1 	0.5 	1.0 	-0.2 	-1	0.874	0.75
0.9 	0.1 	-0.3 	-0.3 	0.0 	-0.5 	-0.8 	-0.8 	-0.6 	1	0.955	0.6666666666666666
0.2 	-1.0 	-0.4 	-0.2 	0.4 	-0.1 	1.0 	-1.0 	-0.5 	-1	0.020000000000000018	0.08333333333333333
-0.6 	0.4 	-0.1 	-0.2 	0.5 	0.4 	0.7 	0.1 	0.7 	1	0.859	0.6666666666666666
0.2 	0.0 	-0.2 	0.4 	0.8 	-0.3 	0.4 	0.4 	-0.9 	1	0.827	0.5
0.6 	0.0 	0.0 	0.9 	0.9 	0.0 	0.4 	0.4 	0.6 	1	0.8069999999999999	0.5
0.0 	0.0 	1.0 	-0.1 	0.4 	0.1 	-1.0 	0.3 	-0.1 	1	0.951	0.6666666666666666
-0.9 	0.4 	0.0 	0.7 	0.6 	0.1 	-0.8 	-0.1 	0.0 	-1	0.8	0.6666666666666666
-1.0 	-1.0 	-0.4 	-0.3 	-0.9 	-0.7 	0.1 	-0.4 	-0.1 	-1	0.38	0.9166666666666666
-0.2 	-1.0 	-0.4 	-0.3 	-0.9 	-0.3 	-0.3 	0.3 	0.2 	-1	0.42400000000000004	0.5833333333333334
0.1 	-0.7 	-0.7 	0.9 	0.5 	0.0 	-0.2 	-0.2 	-0.1 	0	0.976	0.0
0.6 	0.6 	0.8 	-0.3 	-0.8 	-0.9 	-0.1 	0.7 	0.7 	1	0.785	0.08333333333333333
0.8 	-0.6 	0.3 	0.5 	0.2 	-0.3 	-0.3 	-1.0 	-0.3 	1	0.881	1.0
0.6 	-0.2 	0.6 	0.4 	-0.5 	-0.4 	1.0 	-0.9 	0.9 	1	0.919	0.75
-0.3 	-1.0 	-0.1 	0.1 	0.4 	0.5 	-0.8 	-0.5 	0.2 	1	0.961	0.16666666666666666
0.4 	0.6 	0.8 	-1.0 	0.7 	0.7 	1.0 	1.0 	-1.0 	-1	0.8280000000000001	0.08333333333333333
-0.9 	0.0 	-0.8 	0.6 	0.3 	-1.0 	-1.0 	0.6 	-0.1 	-1	0.746	0.8333333333333334
1.0 	0.7 	0.0 	0.8 	0.4 	0.8 	-0.6 	0.0 	0.0 	-1	0.914	0.08333333333333333
-0.2 	-0.7 	0.4 	-0.6 	1.0 	-1.0 	0.3 	0.4 	1.0 	1	0.893	0.3333333333333333
0.1 	-0.4 	0.7 	-0.5 	-0.5 	-1.0 	-0.9 	-0.1 	0.7 	1	0.947	0.6666666666666666
-0.8 	0.0 	0.9 	-1.0 	-0.9 	-0.2 	-0.9 	0.2 	0.1 	1	0.917	0.08333333333333333
0.0 	-0.9 	0.4 	0.0 	-0.6 	0.5 	-0.9 	-0.7 	0.7 	0	0.0	0.5
0.9 	-0.6 	0.4 	0.9 	-0.2 	-0.9 	-0.4 	-0.1 	-0.1 	1	0.937	0.75
0.5 	-0.4 	-0.6 	0.6 	-0.1 	-0.5 	0.3 	-0.7 	0.2 	1	0.827	0.4166666666666667
-0.3 	-0.9 	0.0 	-0.4 	0.7 	-1.0 	0.4 	-0.3 	-0.1 	0	0.0	0.4166666666666667
0.4 	0.4 	0.7 	-1.0 	0.7 	0.7 	-0.7 	0.8 	0.0 	1	0.901	0.4166666666666667
-0.5 	0.5 	-0.1 	0.1 	0.7 	-0.2 	-0.2 	0.7 	0.2 	-1	0.756	0.4166666666666667
0.4 	-1.0 	0.3 	0.4 	0.1 	0.5 	0.4 	-0.5 	0.2 	-1	0.884	0.8333333333333334
0.1 	-0.9 	0.7 	-0.8 	0.1 	0.3 	-0.1 	0.1 	0.9 	1	0.9410000000000001	0.6666666666666666
-0.6 	0.4 	0.3 	0.5 	0.3 	-0.3 	-1.0 	-0.7 	-0.5 	-1	0.738	0.75
0.6 	0.1 	-1.0 	0.4 	-1.0 	0.3 	-0.5 	-0.8 	-1.0 	-1	0.596	0.16666666666666666
-0.3 	-0.5 	-0.7 	1.0 	-0.1 	0.0 	-1.0 	-0.9 	-1.0 	0	0.975	0.0
0.4 	0.5 	0.8 	-0.1 	-0.7 	0.6 	0.4 	0.8 	0.7 	1	0.849	0.08333333333333333
-0.3 	0.3 	-0.7 	1.0 	0.8 	0.9 	-0.5 	0.6 	0.9 	-1	0.806	0.3333333333333333
0.4 	0.7 	0.2 	0.5 	-0.2 	-0.2 	0.2 	0.6 	-1.0 	1	0.857	0.08333333333333333
0.4 	-0.9 	-0.6 	0.7 	-0.5 	-0.9 	-0.4 	-0.5 	0.5 	1	0.927	0.8333333333333334
-0.8 	-0.8 	0.3 	-0.5 	1.0 	0.3 	-0.4 	0.8 	-0.2 	1	0.833	0.5833333333333334
0.8 	0.0 	-0.7 	-0.5 	-0.3 	-0.6 	0.4 	-0.3 	0.1 	1	0.937	0.75
-0.6 	0.1 	-0.1 	-0.7 	1.0 	0.1 	-0.3 	0.1 	0.5 	-1	0.872	0.8333333333333334
0.6 	0.0 	-0.4 	0.3 	-0.3 	-0.3 	-0.9 	-0.6 	0.9 	1	0.875	0.6666666666666666
-0.4 	-0.3 	-0.1 	0.0 	-0.4 	-0.1 	1.0 	-0.7 	-0.6 	-1	0.964	0.0
0.8 	0.0 	0.2 	-0.4 	0.1 	-0.9 	0.7 	-0.1 	-1.0 	1	0.947	0.8333333333333334
0.9 	-0.5 	-0.6 	0.0 	0.8 	0.7 	1.0 	1.0 	-0.9 	1	0.947	0.8333333333333334
-0.5 	-0.9 	0.7 	-0.6 	-0.9 	0.9 	-0.4 	0.8 	0.9 	1	0.961	0.08333333333333333
-0.2 	0.1 	-0.4 	-0.4 	-0.9 	0.8 	0.1 	-0.5 	0.9 	-1	0.926	0.75
-0.1 	-0.3 	0.0 	-0.1 	0.8 	0.1 	0.2 	-0.1 	0.0 	0	0.0	0.5
0.6 	-0.4 	0.4 	-0.1 	-0.6 	-0.5 	1.0 	-1.0 	-0.7 	1	0.925	0.9166666666666666
-0.9 	-1.0 	-0.4 	0.6 	0.3 	-1.0 	-0.9 	-0.8 	-0.7 	0	0.976	0.0
-0.1 	-1.0 	0.7 	-0.8 	-0.9 	0.0 	-0.8 	0.7 	0.7 	0	0.0	0.08333333333333333
-0.2 	-0.9 	-0.2 	-0.7 	0.1 	0.2 	0.4 	0.9 	0.5 	0	0.974	0.0
0.3 	0.4 	0.7 	-0.9 	0.0 	0.2 	-0.4 	-0.4 	-0.6 	-1	0.768	0.08333333333333333
-0.6 	0.5 	-0.9 	-0.7 	-0.3 	-0.5 	-0.1 	-0.9 	-0.3 	-1	0.69	0.9166666666666666
0.5 	0.4 	0.1 	0.7 	0.4 	-0.8 	-0.2 	1.0 	-0.9 	1	0.943	0.5833333333333334
0.9 	-0.5 	0.7 	0.1 	0.4 	0.8 	-0.4 	0.7 	0.7 	1	0.955	0.9166666666666666
-0.9 	0.7 	0.2 	-1.0 	0.2 	-0.3 	-0.3 	0.4 	0.5 	-1	0.8260000000000001	0.6666666666666666
0.4 	0.7 	0.8 	0.5 	0.2 	0.6 	0.4 	0.1 	-0.3 	1	0.837	0.5
0.9 	0.0 	0.6 	-0.5 	-0.1 	-1.0 	-0.9 	0.1 	0.4 	1	0.947	0.5833333333333334
-0.3 	-1.0 	0.9 	0.4 	-0.6 	0.8 	-0.2 	1.0 	-0.6 	1	0.959	0.25
0.3 	0.0 	-0.2 	0.2 	-0.8 	-1.0 	0.4 	-0.5 	-0.1 	1	0.8009999999999999	0.5
-0.1 	0.9 	-0.2 	-0.8 	0.7 	-0.2 	0.6 	-0.4 	0.4 	-1	0.862	0.4166666666666667
-0.6 	-0.3 	1.0 	-0.3 	0.4 	-0.4 	1.0 	-1.0 	-0.2 	0	0.0	0.4166666666666667
-0.8 	-0.1 	0.7 	-0.3 	0.6 	-0.8 	-0.2 	-0.3 	-1.0 	0	0.0	0.25
0.3 	0.7 	-1.0 	-1.0 	0.1 	0.1 	0.6 	-0.4 	-0.7 	-1	0.896	0.08333333333333333
-0.1 	-0.7 	-0.8 	-0.7 	-0.2 	-0.4 	-0.4 	-0.8 	-0.3 	-1	0.020000000000000018	0.5833333333333334
0.0 	0.0 	0.4 	-1.0 	-0.3 	1.0 	-0.3 	0.7 	-0.6 	1	0.909	0.0
-0.7 	0.0 	-1.0 	0.9 	-0.9 	-0.2 	-0.1 	0.7 	0.1 	-1	0.794	0.9166666666666666
-0.5 	-0.3 	0.1 	0.6 	0.1 	1.0 	0.2 	-0.2 	-0.5 	-1	0.968	0.08333333333333333
-0.6 	0.6 	0.9 	-0.7 	0.1 	0.1 	-0.2 	-0.9 	-0.7 	-1	0.6839999999999999	0.5
0.2 	-0.7 	-0.1 	0.7 	-0.6 	0.2 	-0.6 	-0.3 	-0.4 	0	0.976	0.0
0.7 	0.8 	-0.1 	-1.0 	1.0 	-0.2 	0.8 	-0.1 	-0.1 	-1	0.798	0.08333333333333333
-1.0 	0.5 	0.2 	0.9 	-0.3 	-1.0 	0.2 	0.9 	-0.2 	-1	0.736	0.5833333333333334
0.6 	0.3 	0.9 	0.0 	0.2 	-0.3 	-0.4 	-0.7 	-0.1 	1	0.837	0.16666666666666666
0.3 	0.0 	-0.1 	0.8 	-1.0 	0.1 	0.3 	0.2 	0.6 	1	0.951	0.8333333333333334
0.5 	0.6 	0.1 	0.7 	-0.6 	0.0 	0.9 	1.0 	-0.5 	1	0.877	0.5
-0.1 	-0.7 	-1.0 	0.8 	0.1 	0.5 	0.9 	0.1 	-0.8 	1	0.863	0.4166666666666667
-0.5 	0.2 	0.6 	0.9 	-0.2 	0.0 	-0.7 	0.1 	-0.4 	-1	0.696	0.4166666666666667
-0.8 	0.8 	0.5 	0.8 	1.0 	-0.7 	-0.3 	0.2 	-0.1 	-1	0.8260000000000001	0.5
0.2 	1.0 	-0.7 	0.8 	-0.3 	0.7 	-0.2 	-0.6 	-0.5 	-1	0.846	0.3333333333333333
-0.9 	0.7 	0.6 	0.8 	0.0 	0.2 	-1.0 	-1.0 	0.6 	-1	0.6699999999999999	0.5833333333333334
0.5 	-0.7 	-0.7 	0.2 	-0.7 	-0.7 	0.9 	0.1 	-0.9 	1	0.893	0.6666666666666666
-1.0 	0.8 	-0.7 	0.9 	-0.8 	0.9 	-1.0 	-0.9 	0.9 	-1	0.6599999999999999	0.8333333333333334
-0.5 	-0.1 	-0.5 	-0.7 	0.6 	-0.8 	0.5 	-0.3 	-1.0 	-1	0.614	0.8333333333333334
-0.2 	0.9 	0.4 	-0.5 	0.0 	-0.9 	0.0 	-0.2 	-0.8 	-1	0.848	0.25
-0.6 	0.8 	-0.1 	0.8 	0.9 	-0.5 	0.5 	0.6 	-0.5 	-1	0.864	0.5833333333333334
-0.9 	0.8 	0.1 	0.7 	-0.6 	0.0 	-0.9 	0.1 	0.5 	-1	0.76	0.6666666666666666
0.5 	0.6 	-0.6 	1.0 	-0.1 	0.1 	0.8 	0.0 	-0.6 	-1	0.876	0.4166666666666667
0.8 	0.8 	-0.2 	0.9 	0.9 	-0.3 	-1.0 	0.1 	-0.8 	1	0.851	0.08333333333333333
0.5 	0.5 	1.0 	0.5 	-0.4 	0.5 	0.0 	0.1 	-0.4 	1	0.915	0.3333333333333333
-0.3 	-1.0 	0.3 	-1.0 	-0.8 	0.0 	0.7 	0.7 	0.5 	0	0.0	0.16666666666666666
-0.3 	-1.0 	-0.1 	-0.3 	0.9 	0.0 	0.5 	-0.6 	0.6 	0	0.0	0.5833333333333334
0.1 	-0.3 	-0.2 	-0.7 	-0.4 	-1.0 	-0.3 	0.1 	0.5 	1	0.889	0.6666666666666666
-0.9 	0.6 	0.6 	-0.5 	-0.5 	-0.8 	-0.2 	1.0 	1.0 	-1	0.718	0.6666666666666666
0.0 	-0.9 	-0.2 	1.0 	0.1 	1.0 	-0.9 	0.0 	-0.9 	1	0.377	0.08333333333333333
0.3 	-0.6 	-0.4 	0.9 	-0.2 	0.0 	-0.9 	0.3 	1.0 	0	0.971	0.08333333333333333
0.2 	-0.7 	0.6 	0.8 	0.8 	-0.3 	-0.4 	-0.9 	-1.0 	-1	0.9	0.6666666666666666
-0.2 	0.3 	-0.7 	-0.1 	-1.0 	-0.4 	0.0 	1.0 	-0.3 	-1	0.87	0.5
0.4 	1.0 	-0.8 	-0.7 	0.8 	0.8 	0.9 	0.5 	0.4 	1	0.669	0.08333333333333333
-0.1 	0.8 	1.0 	-0.8 	-1.0 	-0.1 	-0.2 	-1.0 	0.2 	-1	0.642	0.16666666666666666
0.5 	-0.7 	0.7 	-0.5 	-0.2 	-0.1 	0.6 	0.3 	-0.9 	1	0.909	0.8333333333333334
-0.6 	-1.0 	-0.1 	-0.4 	0.7 	-0.9 	-0.9 	0.2 	0.1 	0	0.0	0.5
1.0 	0.0 	-0.5 	-0.5 	0.0 	0.2 	0.7 	0.1 	0.9 	1	0.959	0.6666666666666666
-0.2 	0.0 	0.1 	-0.3 	0.1 	0.0 	-0.8 	-1.0 	-0.7 	-1	0.22999999999999998	1.0
-0.8 	-0.7 	-0.8 	0.3 	0.3 	1.0 	-0.5 	0.9 	1.0 	1	0.967	0.08333333333333333
-0.8 	-0.3 	0.6 	0.4 	0.8 	0.2 	-0.9 	0.7 	1.0 	0	0.975	0.0
0.5 	-0.2 	-0.9 	-0.3 	-0.9 	-1.0 	-0.2 	-0.3 	-0.5 	-1	0.07399999999999995	0.08333333333333333
-0.7 	-0.8 	-0.2 	-0.1 	-0.3 	0.2 	-0.1 	0.1 	1.0 	0	0.0	0.5833333333333334
1.0 	0.3 	-0.6 	-1.0 	-1.0 	0.4 	-0.2 	0.8 	-0.5 	1	0.917	0.08333333333333333
-0.8 	0.5 	0.5 	-1.0 	0.6 	-0.1 	0.6 	-0.6 	-0.4 	-1	0.8140000000000001	0.5
-0.9 	0.5 	-0.7 	0.3 	-0.9 	-0.8 	0.4 	0.9 	-0.6 	-1	0.922	0.9166666666666666
0.5 	1.0 	-0.2 	-1.0 	-0.6 	0.2 	0.2 	-0.1 	0.1 	-1	0.71	0.08333333333333333
-1.0 	-0.6 	-0.9 	-0.2 	-0.3 	-0.7 	0.1 	-0.5 	0.4 	-1	0.4	0.9166666666666666
-0.5 	1.0 	0.8 	-0.4 	0.9 	-0.7 	0.3 	-1.0 	-0.5 	-1	0.606	0.25
0.0 	-0.6 	-0.9 	-0.1 	1.0 	0.1 	0.8 	0.0 	0.5 	0	0.0	0.3333333333333333
-0.8 	0.1 	0.8 	-0.8 	0.5 	0.3 	-0.2 	-0.9 	-0.1 	1	0.917	0.16666666666666666
-0.4 	0.0 	-1.0 	0.6 	-0.1 	-0.6 	0.9 	0.2 	0.1 	-1	0.6859999999999999	0.6666666666666666
-1.0 	-1.0 	0.5 	-0.4 	-0.8 	-0.2 	0.4 	1.0 	0.7 	1	0.879	0.0
0.7 	0.4 	0.4 	0.5 	0.7 	-0.5 	-0.4 	0.0 	0.7 	1	0.957	0.6666666666666666
0.8 	-0.4 	-0.7 	0.0 	0.1 	-0.8 	0.5 	-0.5 	0.9 	1	0.915	0.5833333333333334
-0.8 	-0.1 	-0.5 	1.0 	0.0 	0.5 	-0.2 	1.0 	1.0 	-1	0.644	0.8333333333333334
-0.3 	-0.5 	0.4 	-0.6 	0.5 	0.7 	-0.7 	0.1 	0.0 	0	0.0	0.16666666666666666
0.8 	0.1 	0.0 	-0.8 	0.6 	0.3 	0.3 	-0.9 	-0.6 	1	0.9410000000000001	0.5
-0.7 	0.9 	1.0 	-0.1 	0.9 	0.2 	-0.7 	-0.9 	-0.8 	-1	0.808	0.3333333333333333
-0.5 	-0.3 	0.9 	-0.7 	-0.5 	0.7 	-0.4 	0.9 	-0.9 	0	0.0	0.25
0.7 	1.0 	-0.3 	0.1 	0.1 	0.8 	-1.0 	-0.2 	-0.6 	-1	0.852	0.08333333333333333
0.4 	0.3 	0.7 	0.4 	0.0 	-1.0 	-0.2 	-0.3 	0.9 	1	0.905	0.3333333333333333
0.2 	-0.4 	-0.2 	0.2 	0.7 	0.0 	-0.2 	0.8 	-0.5 	0	0.975	0.08333333333333333
0.2 	0.8 	0.3 	-0.6 	0.3 	0.5 	0.1 	0.3 	0.7 	1	0.869	0.25
-0.8 	-0.4 	0.2 	0.6 	0.6 	0.5 	0.8 	0.5 	0.5 	0	0.976	0.0
0.3 	0.6 	0.4 	0.0 	-0.3 	-0.4 	0.6 	0.6 	-0.9 	1	0.955	0.6666666666666666
-0.2 	0.1 	1.0 	-0.4 	-0.9 	-0.8 	0.1 	-1.0 	0.6 	-1	0.45999999999999996	0.4166666666666667
-1.0 	-0.3 	-0.8 	-0.3 	0.8 	1.0 	-0.7 	-0.5 	-0.4 	-1	0.6639999999999999	0.8333333333333334
-0.8 	-0.8 	-1.0 	0.9 	-0.7 	-0.1 	-0.8 	0.7 	0.2 	-1	0.0040000000000000036	0.5
-0.9 	-0.2 	-0.6 	1.0 	-1.0 	1.0 	-0.6 	0.6 	-0.5 	0	0.0	0.75
-0.3 	-0.7 	0.7 	-0.2 	0.1 	0.6 	0.7 	-0.3 	0.1 	0	0.0	0.16666666666666666
0.4 	0.4 	0.5 	-0.4 	-0.4 	0.8 	-0.9 	0.2 	0.9 	1	0.853	0.25
0.4 	-0.5 	0.2 	0.4 	0.9 	-0.5 	0.0 	-0.4 	0.4 	1	0.959	0.08333333333333333
-0.1 	-0.5 	0.6 	0.2 	-1.0 	-1.0 	0.6 	0.0 	-1.0 	1	0.265	0.75
-0.3 	-1.0 	-0.4 	0.3 	-0.8 	-0.5 	-0.2 	0.3 	0.1 	-1	0.33799999999999997	0.6666666666666666
1.0 	-0.9 	-0.7 	0.2 	-0.4 	-0.7 	1.0 	-0.2 	-0.4 	1	0.937	0.6666666666666666
-0.8 	-0.5 	0.1 	0.9 	-0.3 	-0.3 	-0.7 	0.3 	-0.2 	1	0.881	0.4166666666666667
0.6 	-0.9 	-1.0 	0.4 	-0.1 	-1.0 	-0.8 	1.0 	-1.0 	1	0.817	0.6666666666666666
0.2 	-0.4 	-1.0 	-0.8 	0.1 	-0.4 	-0.9 	-0.7 	0.1 	1	0.34299999999999997	0.16666666666666666
0.0 	-0.9 	-0.8 	0.6 	0.6 	0.7 	-0.2 	-0.4 	-0.3 	0	0.0	0.16666666666666666
0.0 	-0.1 	0.1 	0.4 	0.7 	0.8 	0.7 	0.3 	-0.7 	-1	0.906	0.6666666666666666
-0.8 	0.5 	0.2 	1.0 	-0.4 	0.1 	1.0 	1.0 	0.4 	-1	0.6779999999999999	0.75
-1.0 	-0.1 	0.4 	1.0 	-0.7 	-0.6 	-0.8 	0.3 	-0.5 	1	0.871	0.4166666666666667
-1.0 	0.9 	-0.3 	1.0 	0.1 	1.0 	-0.6 	-0.2 	0.1 	-1	0.75	0.6666666666666666
0.9 	-0.4 	0.9 	0.2 	-0.1 	1.0 	-0.2 	0.6 	0.5 	1	0.961	0.9166666666666666
-0.1 	0.1 	-0.5 	0.7 	0.8 	-0.8 	0.2 	0.9 	-0.2 	-1	0.856	0.5
-0.7 	0.1 	0.0 	0.6 	-0.9 	0.2 	-0.2 	0.9 	0.9 	0	0.972	0.0
-1.0 	-0.8 	-0.2 	-0.5 	-1.0 	-0.1 	0.9 	0.5 	-0.5 	0	0.0	0.08333333333333333
0.0 	0.7 	-0.8 	-0.8 	-0.5 	0.7 	-0.8 	0.6 	1.0 	-1	0.888	0.5
1.0 	0.0 	0.4 	0.2 	0.0 	0.6 	-0.3 	-0.9 	1.0 	1	0.955	0.8333333333333334
-0.1 	-0.3 	0.7 	-1.0 	0.8 	-0.5 	0.1 	0.8 	-0.9 	1	0.937	0.08333333333333333
0.4 	-0.4 	-0.1 	0.2 	-0.5 	-0.6 	-0.2 	-0.6 	0.7 	1	0.923	0.75
0.0 	-0.6 	-0.3 	-0.5 	-0.9 	-0.1 	-1.0 	0.4 	-0.5 	1	0.611	0.08333333333333333
0.6 	0.0 	0.8 	-0.2 	0.5 	0.8 	0.8 	-0.6 	-1.0 	1	0.953	0.75
-0.5 	0.3 	0.6 	1.0 	-0.8 	-0.2 	-0.2 	-0.7 	-0.7 	-1	0.69	0.3333333333333333
0.9 	1.0 	0.1 	-0.4 	-0.3 	-0.7 	0.6 	-0.4 	-0.5 	-1	0.832	0.08333333333333333
0.1 	-0.3 	0.4 	0.2 	-1.0 	0.7 	-0.3 	0.0 	-0.7 	1	0.779	0.5833333333333334
-0.1 	-0.5 	0.4 	-1.0 	0.7 	0.7 	0.4 	-0.7 	0.3 	0	0.0	0.5833333333333334
0.7 	0.4 	0.4 	0.2 	-0.5 	-1.0 	0.2 	0.0 	-0.2 	1	0.955	0.6666666666666666
-1.0 	-0.8 	0.1 	0.3 	-0.3 	0.8 	0.6 	-0.8 	0.6 	0	0.976	0.0
-1.0 	-0.9 	0.8 	0.5 	0.5 	-1.0 	0.0 	0.8 	-1.0 	0	0.976	0.0
0.3 	-0.5 	0.8 	-0.1 	0.3 	0.7 	0.4 	0.0 	-0.5 	-1	0.902	0.6666666666666666
0.0 	-1.0 	-0.8 	-0.6 	0.3 	0.2 	-0.1 	0.7 	-0.9 	-1	0.30400000000000005	0.08333333333333333
-0.4 	-0.1 	-0.4 	-0.8 	-1.0 	-0.8 	0.7 	1.0 	0.1 	0	0.0	0.5833333333333334
0.5 	-0.5 	0.7 	-0.4 	0.1 	0.8 	0.8 	-0.1 	0.4 	1	0.953	0.8333333333333334
-0.9 	-0.4 	-0.3 	-1.0 	0.9 	-0.5 	0.1 	-1.0 	0.0 	1	0.879	0.5833333333333334
0.8 	-0.6 	0.4 	-0.1 	-0.9 	0.6 	0.3 	0.6 	0.6 	1	0.959	0.8333333333333334
-0.3 	-0.8 	0.1 	-1.0 	-0.6 	0.8 	0.0 	-0.5 	0.1 	1	0.887	0.25
-0.9 	0.6 	0.2 	0.0 	0.7 	-0.1 	-1.0 	0.5 	-0.3 	-1	0.88	0.5833333333333334
0.0 	0.8 	0.6 	0.5 	-0.4 	0.5 	-0.8 	-0.1 	0.5 	-1	0.722	0.16666666666666666
-0.7 	-0.5 	-0.2 	0.8 	0.6 	-0.1 	-0.6 	-0.1 	-0.4 	1	0.963	0.16666666666666666
-0.8 	-0.1 	0.2 	-0.3 	1.0 	-0.9 	0.8 	0.8 	0.5 	-1	0.966	0.16666666666666666
-0.8 	-0.4 	0.0 	0.5 	0.2 	0.2 	0.8 	0.4 	-0.6 	-1	0.15600000000000003	1.0
0.4 	0.5 	0.1 	0.5 	0.6 	0.4 	-0.6 	0.9 	-0.4 	1	0.883	0.4166666666666667
0.9 	0.4 	-1.0 	-0.9 	-0.9 	0.2 	0.3 	-0.5 	0.6 	1	0.7070000000000001	0.08333333333333333
-0.9 	0.7 	0.7 	-0.1 	-0.7 	-0.7 	0.4 	-1.0 	-0.7 	-1	0.72	0.5
-0.7 	-0.3 	0.3 	-0.2 	-0.1 	-0.1 	-0.6 	-0.3 	-0.4 	0	0.0	0.6666666666666666
-1.0 	-0.1 	0.4 	0.7 	-0.3 	0.8 	0.1 	0.2 	-0.9 	1	0.827	0.5
1.0 	0.6 	0.2 	0.4 	1.0 	-0.5 	-1.0 	-0.6 	-0.3 	1	0.957	0.8333333333333334
0.6 	-0.5 	0.6 	-0.6 	0.4 	0.6 	0.2 	-0.6 	-0.1 	1	0.959	0.8333333333333334
0.7 	0.3 	-0.8 	-0.7 	-0.9 	1.0 	0.0 	-0.3 	-1.0 	1	0.871	0.16666666666666666
-0.7 	0.9 	0.6 	-0.2 	-0.6 	0.8 	0.6 	0.5 	-0.4 	-1	0.778	0.4166666666666667
0.6 	-0.5 	0.3 	0.1 	0.1 	0.8 	0.6 	-0.7 	0.4 	1	0.893	0.9166666666666666
1.0 	0.2 	-0.3 	-0.5 	0.0 	0.3 	0.2 	0.7 	-0.4 	1	0.899	0.3333333333333333
0.3 	-0.3 	0.6 	0.1 	1.0 	0.8 	1.0 	1.0 	0.3 	1	0.953	0.9166666666666666
-0.5 	-0.8 	-0.3 	-0.4 	0.5 	0.4 	0.6 	0.2 	0.3 	0	0.0	0.75
-1.0 	0.2 	-1.0 	0.7 	0.5 	0.6 	-0.8 	0.7 	-0.4 	-1	0.8180000000000001	0.9166666666666666
0.2 	1.0 	0.2 	-0.9 	0.0 	0.2 	-0.6 	0.8 	-1.0 	1	0.873	0.3333333333333333
0.5 	1.0 	-0.9 	-0.4 	-0.2 	0.5 	0.6 	0.2 	-0.8 	-1	0.856	0.16666666666666666
-0.2 	-0.6 	0.6 	0.5 	-0.7 	-0.4 	-0.6 	-0.4 	-0.6 	0	0.974	0.0
1.0 	-1.0 	0.1 	-0.6 	-0.3 	0.4 	-0.8 	0.0 	0.2 	1	0.961	0.75
0.2 	-0.7 	0.7 	-0.1 	1.0 	-0.8 	0.1 	-0.9 	0.6 	0	0.978	0.0
0.5 	-0.2 	-0.8 	-0.7 	-0.9 	-0.1 	-0.6 	-0.9 	0.4 	1	0.929	0.5
-0.3 	0.6 	0.6 	-0.6 	-0.3 	-0.6 	-0.6 	0.0 	0.9 	-1	0.8260000000000001	0.4166666666666667
0.2 	1.0 	-0.1 	0.7 	-0.2 	0.7 	-0.1 	0.1 	0.0 	-1	0.858	0.08333333333333333
-0.2 	0.5 	0.0 	-0.8 	0.3 	-0.7 	-0.2 	0.4 	-0.6 	-1	0.858	0.3333333333333333
0.6 	-0.8 	0.5 	0.2 	-0.1 	-0.8 	0.1 	0.6 	0.3 	1	0.9390000000000001	0.9166666666666666
0.0 	0.4 	0.4 	-0.8 	0.1 	-0.7 	0.4 	0.0 	-0.6 	-1	0.866	0.25
0.3 	0.1 	0.6 	0.6 	-0.2 	0.3 	0.6 	-0.6 	0.3 	1	0.865	0.8333333333333334
0.5 	-0.1 	0.1 	0.3 	0.6 	-0.4 	0.4 	0.5 	-0.2 	1	0.949	0.6666666666666666
0.2 	-0.8 	0.7 	-0.8 	-0.5 	-0.5 	0.4 	-0.4 	0.8 	1	0.773	0.75
-0.1 	0.7 	-0.9 	-0.8 	-0.5 	-0.6 	0.9 	-1.0 	-0.4 	-1	0.866	0.3333333333333333
-0.3 	0.8 	-1.0 	0.4 	0.0 	-0.2 	0.9 	-0.4 	-0.1 	-1	0.8200000000000001	0.5833333333333334
1.0 	0.1 	-0.4 	0.8 	0.3 	-0.8 	0.2 	-0.4 	0.6 	1	0.683	0.5
-0.6 	-0.8 	0.5 	0.2 	0.8 	0.0 	-1.0 	-0.9 	-1.0 	0	0.976	0.0
-0.4 	-0.7 	-0.9 	-1.0 	0.8 	0.0 	0.7 	0.4 	-0.1 	0	0.972	0.08333333333333333
-0.8 	0.1 	-0.2 	-0.9 	-0.2 	-0.2 	0.1 	0.6 	0.8 	-1	0.856	0.75
-0.7 	0.1 	0.2 	0.1 	-0.1 	0.6 	0.5 	0.2 	-0.5 	-1	0.786	1.0
1.0 	-0.2 	-0.3 	-0.7 	-1.0 	0.3 	0.1 	0.2 	0.0 	1	0.881	0.5833333333333334
0.1 	-0.4 	-0.5 	0.9 	-0.6 	0.5 	0.3 	0.7 	-0.2 	-1	0.124	0.08333333333333333
-0.5 	-0.1 	-0.3 	0.4 	-0.6 	0.7 	-0.3 	-0.4 	-0.1 	0	0.976	0.0
0.0 	0.2 	-0.2 	-0.5 	0.0 	-0.1 	0.8 	-0.4 	-0.5 	-1	0.874	0.5
-0.1 	0.4 	-1.0 	1.0 	0.7 	0.1 	-0.3 	-0.6 	1.0 	-1	0.702	0.4166666666666667
-0.4 	-0.8 	-0.2 	1.0 	-0.3 	-0.1 	-1.0 	0.2 	-0.6 	0	0.978	0.0
-0.1 	0.0 	-0.4 	0.4 	0.2 	-0.3 	-0.9 	-0.4 	-0.3 	-1	0.22199999999999998	0.75
0.7 	-0.1 	0.6 	1.0 	0.2 	0.1 	-0.3 	0.6 	0.9 	1	0.9390000000000001	0.9166666666666666
0.7 	-0.6 	-0.2 	-0.8 	0.3 	-1.0 	-0.3 	0.9 	-0.9 	1	0.955	0.9166666666666666
1.0 	0.6 	0.4 	0.3 	-0.2 	0.5 	-0.8 	0.8 	-0.8 	1	0.949	0.5833333333333334
-0.2 	0.1 	-0.2 	1.0 	0.6 	0.1 	-0.5 	0.8 	-0.5 	-1	0.802	0.5833333333333334
-0.7 	0.3 	0.1 	-0.4 	-0.2 	-0.2 	-0.3 	-1.0 	0.8 	-1	0.766	0.8333333333333334
0.2 	0.9 	0.3 	-0.4 	0.3 	0.9 	0.9 	-0.5 	-0.9 	1	0.869	0.16666666666666666
-0.6 	0.5 	-0.1 	1.0 	-0.6 	0.8 	-0.6 	0.5 	-0.3 	-1	0.778	0.6666666666666666
-0.3 	-0.5 	-0.6 	1.0 	0.3 	-0.1 	0.6 	0.3 	0.4 	0	0.0	0.6666666666666666
-0.4 	0.0 	0.9 	-0.4 	-0.1 	-0.1 	-0.8 	-0.8 	0.6 	-1	0.544	0.75
-0.1 	-1.0 	1.0 	0.5 	0.6 	1.0 	0.4 	-0.7 	0.6 	0	0.976	0.0
-0.8 	0.0 	-0.1 	-0.1 	-0.8 	-0.3 	0.0 	-0.9 	-1.0 	-1	0.728	0.8333333333333334
-0.8 	0.8 	0.1 	0.3 	0.2 	0.7 	-0.5 	-1.0 	0.9 	-1	0.748	0.75
-0.9 	0.5 	0.2 	0.8 	0.8 	0.3 	-0.9 	-0.1 	-0.3 	-1	0.8180000000000001	0.6666666666666666
0.7 	-0.3 	1.0 	-0.7 	-0.7 	0.5 	-0.4 	1.0 	0.4 	1	0.961	0.9166666666666666
0.9 	0.1 	0.7 	-1.0 	0.4 	-0.1 	1.0 	1.0 	1.0 	1	0.953	0.6666666666666666
-0.6 	-1.0 	0.2 	1.0 	-0.2 	0.2 	-0.1 	0.6 	0.9 	0	0.974	0.0
-0.7 	-0.2 	-0.7 	0.8 	-0.1 	-0.7 	0.8 	-0.2 	0.9 	-1	0.15400000000000003	0.8333333333333334
-0.4 	0.9 	-1.0 	-0.1 	0.1 	0.0 	0.4 	0.0 	0.4 	-1	0.774	0.16666666666666666
0.4 	-0.7 	0.7 	0.0 	-0.8 	0.6 	0.2 	-0.6 	-0.6 	1	0.885	0.8333333333333334
1.0 	-0.6 	0.8 	-0.3 	0.9 	-0.7 	-0.6 	0.9 	0.1 	1	0.959	0.9166666666666666
0.0 	-0.6 	-1.0 	1.0 	-0.3 	0.2 	-0.1 	0.9 	-0.8 	1	0.869	0.16666666666666666
0.0 	-0.6 	0.8 	-0.1 	-1.0 	0.0 	0.6 	-0.7 	-1.0 	0	0.0	0.6666666666666666
-0.1 	0.2 	0.3 	0.3 	-0.2 	-0.4 	-0.7 	0.7 	0.7 	-1	0.748	0.25
0.6 	0.0 	-0.8 	-1.0 	-1.0 	0.9 	0.0 	0.4 	0.6 	-1	0.746	0.08333333333333333
0.0 	-0.7 	0.5 	0.3 	0.9 	-0.9 	-0.1 	0.6 	-0.2 	1	0.961	0.16666666666666666
0.2 	-0.9 	0.0 	0.6 	0.1 	-1.0 	-0.1 	0.5 	1.0 	1	0.505	0.6666666666666666
0.0 	-0.4 	-0.4 	0.3 	-0.9 	0.0 	0.4 	-0.4 	-0.1 	0	0.973	0.08333333333333333
0.7 	-0.6 	0.0 	0.7 	0.2 	-0.1 	1.0 	0.5 	-0.6 	1	0.953	0.75
0.3 	0.8 	0.1 	-0.6 	0.3 	0.8 	-1.0 	-0.6 	-0.6 	-1	0.78	0.08333333333333333
0.7 	0.8 	-0.6 	0.6 	0.1 	0.3 	0.8 	0.0 	-0.3 	1	0.901	0.0
0.4 	0.6 	0.5 	0.7 	-0.2 	0.8 	-0.4 	0.8 	0.9 	1	0.855	0.16666666666666666
-0.6 	-1.0 	0.1 	-0.7 	-0.7 	0.2 	-1.0 	-0.7 	0.6 	0	0.0	0.25
0.7 	-0.4 	0.7 	-1.0 	-0.6 	-0.2 	0.7 	-0.4 	-0.7 	1	0.945	1.0
0.5 	1.0 	0.0 	0.3 	0.0 	-0.6 	-0.9 	-0.6 	0.9 	1	0.729	0.08333333333333333
1.0 	0.8 	0.6 	-0.3 	-0.1 	-0.4 	-0.6 	-0.4 	0.7 	1	0.897	0.5
-0.2 	0.4 	0.8 	0.8 	-0.4 	-0.1 	0.2 	0.9 	0.4 	-1	0.792	0.08333333333333333
-0.5 	-1.0 	0.0 	-0.2 	1.0 	-1.0 	1.0 	-0.1 	0.1 	0	0.0	0.25
0.1 	0.6 	-0.5 	-0.2 	-0.6 	-1.0 	0.2 	-0.7 	-0.5 	-1	0.8200000000000001	0.5
0.8 	0.3 	0.1 	0.4 	0.6 	0.5 	-0.8 	1.0 	0.1 	1	0.827	0.08333333333333333
0.5 	-0.7 	0.7 	0.3 	0.9 	-0.2 	0.6 	-0.1 	-0.4 	1	0.937	0.9166666666666666
0.7 	-0.4 	-0.2 	0.8 	-0.1 	-0.3 	0.5 	0.2 	0.3 	1	0.943	0.8333333333333334
-0.7 	0.5 	0.6 	-0.6 	0.9 	0.8 	0.5 	-0.2 	0.4 	-1	0.734	0.5
0.6 	-1.0 	-0.3 	0.9 	0.5 	-1.0 	0.4 	-0.2 	-0.1 	1	0.775	0.5
0.6 	-0.9 	0.7 	0.4 	-0.1 	0.7 	-0.8 	0.6 	0.7 	1	0.9410000000000001	1.0
-0.5 	0.2 	0.6 	-0.2 	0.5 	-0.7 	-0.2 	-0.4 	0.5 	-1	0.636	0.6666666666666666
0.3 	-0.2 	-0.2 	0.9 	-0.4 	0.5 	-0.2 	-0.6 	-0.4 	1	0.30900000000000005	0.5
0.9 	-0.9 	0.7 	-0.7 	-0.2 	0.2 	-0.4 	-0.2 	-0.2 	1	0.945	0.75
-0.9 	0.8 	0.6 	0.5 	0.7 	-0.5 	0.2 	-0.1 	1.0 	-1	0.614	0.6666666666666666
-1.0 	0.8 	-0.5 	-0.6 	0.4 	-0.6 	-0.4 	-0.2 	1.0 	-1	0.804	0.75
-0.2 	-0.5 	0.2 	-0.8 	-0.7 	-0.2 	-0.9 	0.0 	0.0 	0	0.0	0.16666666666666666
-0.3 	0.4 	-0.3 	-0.7 	-0.5 	0.3 	0.7 	-0.4 	-0.9 	-1	0.92	0.75
-0.1 	0.3 	0.0 	-1.0 	0.2 	-0.2 	-0.3 	0.7 	-0.8 	-1	0.744	0.4166666666666667
0.3 	0.6 	-0.6 	-0.9 	-0.5 	-0.5 	-0.4 	0.0 	0.2 	-1	0.914	0.25
0.7 	0.2 	-0.8 	0.7 	1.0 	-0.6 	1.0 	0.7 	-0.6 	1	0.40900000000000003	0.08333333333333333
-0.9 	-0.3 	0.1 	0.6 	1.0 	1.0 	0.9 	-0.4 	-0.1 	1	0.897	0.08333333333333333
0.4 	0.9 	0.8 	-0.9 	1.0 	0.6 	-0.4 	0.1 	-0.4 	1	0.841	0.16666666666666666
-0.8 	-0.3 	0.7 	0.7 	0.1 	-1.0 	-0.1 	0.8 	0.5 	0	0.973	0.0
0.0 	0.0 	1.0 	0.7 	-0.8 	-0.4 	0.4 	-0.5 	0.8 	0	0.0	0.3333333333333333
0.9 	0.4 	0.3 	-0.1 	-1.0 	0.2 	-0.3 	-1.0 	-0.5 	1	0.909	0.4166666666666667
0.2 	0.1 	-1.0 	0.9 	0.7 	0.9 	0.5 	0.6 	0.7 	-1	0.896	0.16666666666666666
-0.6 	0.3 	-0.9 	-0.6 	-0.2 	0.8 	-0.2 	0.2 	-0.5 	-1	0.906	0.5833333333333334
0.2 	-0.3 	-0.5 	0.9 	-0.1 	-1.0 	0.2 	0.9 	0.1 	1	0.901	0.75
-0.1 	0.8 	-0.2 	-0.3 	-0.9 	0.4 	-0.9 	-0.5 	0.2 	-1	0.762	0.4166666666666667
0.1 	0.6 	0.4 	-0.3 	0.8 	-1.0 	-0.9 	-0.2 	0.4 	1	0.525	0.08333333333333333
-0.4 	0.7 	0.3 	-0.8 	0.7 	-0.2 	-1.0 	0.2 	0.4 	-1	0.792	0.16666666666666666
0.2 	0.2 	-0.8 	-0.2 	-0.6 	1.0 	-0.9 	-0.4 	0.2 	-1	0.782	0.4166666666666667
-0.9 	-0.6 	-0.4 	1.0 	0.9 	-0.6 	0.3 	0.9 	-0.2 	1	0.887	0.75
0.1 	-0.5 	0.3 	0.0 	0.7 	-0.5 	0.6 	0.4 	1.0 	1	0.875	0.8333333333333334
0.5 	0.4 	-0.8 	0.2 	0.6 	-0.7 	-0.2 	-0.5 	-0.2 	1	0.7989999999999999	0.08333333333333333
-0.7 	-1.0 	-0.7 	-1.0 	-0.1 	0.5 	0.8 	0.0 	-0.6 	0	0.0	0.75
0.0 	-0.9 	1.0 	-1.0 	0.2 	0.7 	0.5 	0.7 	0.8 	1	0.903	0.75
0.7 	-0.2 	0.1 	-0.8 	-0.2 	0.1 	0.8 	0.0 	0.2 	1	0.947	0.8333333333333334
-0.3 	-0.6 	-1.0 	-0.8 	-0.1 	0.7 	-0.2 	0.0 	0.7 	-1	0.552	0.5833333333333334
-0.4 	-0.4 	-0.5 	-0.3 	0.5 	-0.6 	0.2 	-0.9 	0.8 	1	0.859	0.75
0.5 	0.4 	-0.4 	0.8 	0.3 	0.5 	0.9 	0.3 	0.1 	1	0.847	0.25
0.7 	0.8 	0.9 	-0.7 	-0.3 	1.0 	-1.0 	-0.6 	0.4 	1	0.935	0.5
0.9 	0.7 	0.4 	-0.3 	0.4 	-0.1 	-0.2 	-0.5 	0.6 	1	0.955	0.5
-0.4 	0.0 	0.2 	0.0 	-0.3 	-0.7 	-1.0 	0.1 	-0.7 	-1	0.62	0.6666666666666666
0.0 	-0.5 	-0.4 	-0.3 	1.0 	0.6 	0.0 	0.9 	-0.2 	1	0.44499999999999995	0.08333333333333333
0.5 	-0.9 	-0.8 	-0.2 	0.0 	0.4 	-0.7 	-1.0 	-0.5 	1	0.8109999999999999	0.75
-0.9 	0.9 	0.0 	0.9 	0.8 	-0.3 	0.1 	0.2 	-0.1 	-1	0.804	0.9166666666666666
0.7 	0.7 	-0.9 	0.5 	-1.0 	0.9 	1.0 	0.2 	-0.7 	-1	0.804	0.08333333333333333
0.3 	-0.9 	-0.3 	0.6 	-0.6 	0.4 	1.0 	0.5 	-0.1 	1	0.923	0.6666666666666666
-0.7 	-0.3 	0.1 	-0.5 	0.5 	1.0 	0.5 	-0.8 	-0.3 	0	0.0	0.6666666666666666
-0.6 	0.2 	0.9 	1.0 	-0.2 	0.0 	-0.6 	-0.1 	0.0 	-1	0.742	0.3333333333333333
0.5 	0.7 	0.0 	-0.6 	0.9 	0.2 	-1.0 	-1.0 	0.8 	1	0.781	0.16666666666666666
-0.7 	0.5 	-1.0 	-0.5 	-0.2 	0.0 	0.6 	0.2 	0.0 	-1	0.86	0.8333333333333334
-0.9 	0.4 	-0.8 	0.3 	-0.2 	0.5 	-0.1 	-0.8 	0.0 	-1	0.794	0.75
0.0 	0.3 	-0.4 	0.6 	0.5 	-0.9 	-0.1 	-0.9 	1.0 	-1	0.756	0.4166666666666667
0.6 	-0.5 	0.3 	-0.3 	0.9 	-0.4 	0.4 	0.5 	0.6 	1	0.925	0.75
0.8 	-0.1 	1.0 	0.8 	0.7 	-0.7 	-0.8 	-0.6 	0.2 	1	0.955	0.8333333333333334
-0.2 	0.2 	0.5 	-1.0 	0.6 	0.1 	0.0 	0.8 	0.8 	-1	0.6859999999999999	0.25
0.0 	0.9 	0.1 	-0.4 	-0.5 	-0.3 	0.1 	-0.3 	0.0 	0	0.0	0.0
0.3 	-0.1 	-0.5 	0.8 	-0.4 	-0.2 	-0.4 	0.4 	-0.1 	1	0.9390000000000001	0.5833333333333334
0.6 	0.3 	0.0 	0.1 	0.5 	0.6 	0.1 	0.1 	-0.1 	1	0.949	0.3333333333333333
0.2 	-0.2 	-0.8 	0.2 	-0.3 	0.8 	-0.4 	-0.4 	0.6 	1	0.859	0.6666666666666666
-0.7 	-0.6 	0.4 	-0.6 	-0.5 	-0.1 	-0.6 	-0.9 	-0.7 	0	0.0	0.5833333333333334
-0.5 	1.0 	-0.8 	1.0 	0.9 	0.2 	0.0 	1.0 	0.6 	-1	0.928	0.75
1.0 	-0.2 	-0.5 	0.3 	1.0 	0.1 	0.1 	0.3 	-0.4 	1	0.957	0.75
-1.0 	0.1 	-0.7 	-0.7 	-0.3 	0.2 	-0.6 	-0.4 	-0.5 	-1	0.878	0.9166666666666666
0.7 	-0.2 	0.2 	-0.4 	-0.9 	0.9 	0.2 	-0.1 	-0.2 	1	0.947	0.9166666666666666
-0.3 	0.5 	0.4 	0.1 	1.0 	-0.8 	0.6 	-0.5 	-1.0 	-1	0.854	0.5
0.7 	0.2 	-0.9 	-0.5 	-0.2 	0.0 	0.6 	0.7 	0.0 	-1	0.88	0.25
-0.9 	-0.1 	0.5 	0.1 	0.8 	0.8 	1.0 	0.6 	0.2 	0	0.0	0.3333333333333333
0.1 	-0.7 	0.3 	0.8 	0.9 	-0.6 	0.1 	-0.5 	0.0 	1	0.22299999999999998	0.5
-0.5 	-0.4 	-0.5 	0.1 	1.0 	0.9 	0.0 	-0.2 	-1.0 	0	0.0	0.6666666666666666
-1.0 	-0.9 	0.6 	-0.2 	-1.0 	-0.1 	0.2 	-0.3 	-0.9 	0	0.975	0.0
0.8 	-0.9 	0.1 	-0.6 	-0.3 	0.6 	-0.2 	-0.4 	0.0 	1	0.683	0.3333333333333333
-0.1 	0.8 	0.5 	0.9 	0.4 	-0.8 	-0.3 	1.0 	-0.1 	-1	0.794	0.5833333333333334
-0.2 	-0.1 	-0.8 	-0.2 	-1.0 	-0.8 	-0.2 	0.3 	0.6 	0	0.0	0.3333333333333333
-0.3 	-0.2 	1.0 	-0.3 	0.6 	-0.1 	0.2 	0.6 	1.0 	0	0.0	0.16666666666666666
0.4 	0.1 	-0.7 	-0.7 	-0.6 	-1.0 	0.1 	-0.4 	-0.7 	1	0.8049999999999999	0.4166666666666667
1.0 	0.5 	1.0 	0.7 	0.1 	0.5 	0.4 	-0.1 	-0.7 	1	0.887	0.3333333333333333
-0.9 	-0.7 	1.0 	-0.6 	0.7 	0.2 	0.4 	-1.0 	0.8 	0	0.0	0.08333333333333333
0.6 	-0.3 	0.0 	0.5 	-0.8 	0.2 	-0.1 	0.1 	0.1 	1	0.949	0.8333333333333334
-0.3 	0.4 	0.1 	0.2 	0.8 	-0.2 	0.9 	0.2 	-0.3 	-1	0.832	0.5833333333333334
1.0 	-0.2 	0.9 	-0.5 	0.9 	0.2 	0.5 	0.7 	-0.5 	1	0.947	1.0
-0.1 	0.5 	-1.0 	0.1 	0.5 	-0.4 	0.0 	0.7 	-0.1 	-1	0.87	0.5833333333333334
0.1 	0.5 	-0.1 	-0.8 	0.1 	-0.6 	0.2 	0.6 	1.0 	-1	0.882	0.08333333333333333
0.9 	0.3 	-1.0 	-0.1 	0.3 	-0.6 	0.3 	0.9 	-0.8 	-1	0.8140000000000001	0.08333333333333333
0.0 	0.3 	0.3 	0.6 	0.4 	0.6 	-1.0 	0.1 	0.5 	1	0.727	0.08333333333333333
-0.4 	0.9 	-0.2 	0.6 	-0.3 	0.2 	1.0 	0.6 	0.0 	-1	0.844	0.3333333333333333
0.0 	0.6 	-0.7 	0.9 	0.1 	0.8 	0.7 	0.4 	-0.5 	-1	0.908	0.3333333333333333
0.4 	0.6 	0.4 	-0.7 	0.3 	-0.4 	-0.2 	-1.0 	0.5 	1	0.763	0.16666666666666666
-0.7 	0.2 	-0.1 	-0.1 	-0.6 	-0.9 	-0.1 	-1.0 	0.7 	-1	0.844	0.75
0.6 	0.4 	-0.8 	0.8 	-0.1 	0.7 	-0.8 	0.0 	0.7 	1	0.847	0.08333333333333333
0.9 	-1.0 	0.5 	0.3 	0.1 	-1.0 	0.9 	1.0 	0.9 	1	0.925	0.6666666666666666
-0.5 	-0.7 	0.0 	-0.4 	-0.3 	-0.2 	-0.4 	-0.5 	-0.4 	0	0.0	0.5833333333333334
-0.7 	0.6 	-0.8 	-0.5 	0.2 	1.0 	-0.6 	1.0 	-0.2 	-1	0.872	0.8333333333333334
0.8 	-0.5 	-1.0 	0.9 	0.0 	-0.6 	0.8 	0.8 	-0.9 	1	0.8049999999999999	0.5
0.0 	0.5 	0.3 	-0.6 	0.1 	-0.7 	0.3 	-0.6 	-0.4 	-1	0.794	0.4166666666666667
-0.8 	-0.9 	0.7 	-0.1 	-0.3 	-0.1 	-0.2 	-0.3 	0.8 	1	0.903	0.16666666666666666
0.4 	-1.0 	-0.2 	0.3 	-0.4 	-1.0 	0.0 	0.5 	0.6 	1	0.933	0.8333333333333334
-0.2 	-0.6 	0.5 	-0.1 	0.8 	0.4 	0.3 	-0.6 	-1.0 	-1	0.91	0.4166666666666667
-0.2 	1.0 	0.8 	0.6 	-0.1 	-0.9 	-0.1 	-0.4 	-0.6 	-1	0.71	0.16666666666666666
-0.6 	-0.7 	-0.3 	0.4 	0.5 	-0.2 	0.4 	0.7 	0.7 	1	0.8009999999999999	0.08333333333333333
0.9 	0.2 	0.6 	0.2 	-0.6 	1.0 	0.3 	0.2 	0.5 	1	0.953	0.5
1.0 	0.3 	-0.8 	0.5 	-1.0 	-0.6 	0.1 	0.6 	0.8 	1	0.8109999999999999	0.08333333333333333
0.6 	0.5 	0.6 	0.5 	-0.9 	-1.0 	-0.7 	0.7 	0.2 	1	0.927	0.5833333333333334
0.9 	0.6 	0.8 	0.8 	1.0 	0.9 	0.3 	-0.6 	0.9 	1	0.949	0.6666666666666666
-0.2 	-0.5 	0.2 	0.2 	-1.0 	-1.0 	0.9 	-0.3 	1.0 	0	0.0	0.4166666666666667
-0.7 	1.0 	1.0 	0.7 	0.1 	-0.8 	0.3 	-0.7 	0.0 	-1	0.766	0.3333333333333333
-0.9 	0.2 	-0.3 	0.4 	0.9 	-0.9 	-0.4 	-0.1 	-1.0 	1	0.8109999999999999	0.5833333333333334
0.1 	0.0 	0.2 	-0.1 	-0.4 	0.1 	-0.6 	0.8 	-0.3 	1	0.905	0.8333333333333334
0.2 	-1.0 	0.7 	-0.9 	0.7 	0.4 	0.1 	0.3 	-0.9 	-1	0.898	0.75
-0.6 	0.3 	-0.5 	-0.1 	0.0 	0.9 	-0.6 	-0.5 	-0.5 	-1	0.832	0.9166666666666666
0.0 	0.7 	-0.3 	-0.6 	1.0 	-0.5 	-1.0 	0.8 	0.9 	-1	0.912	0.5
-0.9 	-0.2 	-1.0 	-0.8 	0.1 	-0.5 	0.3 	-0.6 	-0.3 	-1	0.53	0.8333333333333334
-0.7 	-0.7 	-0.5 	1.0 	-0.5 	-0.3 	0.1 	0.7 	0.3 	1	0.865	0.3333333333333333
0.9 	0.6 	-0.8 	-0.5 	-0.9 	0.3 	0.0 	0.0 	0.1 	-1	0.8280000000000001	0.08333333333333333
-0.8 	-0.1 	-0.7 	0.9 	-1.0 	0.6 	-0.4 	-0.8 	-0.3 	0	0.972	0.0
-0.5 	0.9 	-0.2 	-0.5 	0.7 	0.1 	-0.2 	-0.3 	-0.4 	-1	0.804	0.4166666666666667
-0.4 	1.0 	0.0 	-0.2 	-0.4 	0.9 	0.4 	-0.5 	-0.3 	-1	0.8220000000000001	0.25
0.8 	0.7 	-0.8 	-0.3 	-1.0 	1.0 	0.7 	-0.2 	-1.0 	-1	0.896	0.16666666666666666
-0.8 	-0.3 	0.7 	-0.3 	-0.7 	0.3 	-0.1 	-0.2 	0.7 	1	0.893	0.16666666666666666
1.0 	-0.2 	-0.9 	-0.7 	0.7 	-0.3 	-0.8 	0.8 	-0.2 	1	0.817	0.4166666666666667
-0.8 	-0.8 	-0.2 	0.5 	0.7 	-0.4 	-1.0 	-0.2 	-0.7 	0	0.976	0.0
0.7 	0.8 	-0.3 	-0.6 	1.0 	-0.9 	1.0 	-0.6 	0.2 	1	0.829	0.08333333333333333
0.0 	-0.4 	0.1 	0.4 	0.2 	0.2 	0.9 	0.7 	0.9 	0	0.974	0.0
0.0 	0.8 	0.8 	0.2 	0.9 	-0.7 	0.4 	-0.6 	-0.5 	-1	0.73	0.25
0.0 	-0.4 	-0.6 	0.3 	0.9 	-0.1 	0.1 	0.5 	0.1 	1	0.895	0.08333333333333333
1.0 	0.0 	0.5 	-0.1 	1.0 	-0.5 	-0.1 	0.0 	-0.3 	1	0.957	0.8333333333333334
0.6 	-0.5 	-0.5 	-0.8 	0.2 	0.7 	-0.8 	0.9 	-0.5 	1	0.957	0.8333333333333334
-0.7 	-0.4 	-0.6 	-0.4 	-0.6 	-0.9 	-0.4 	0.1 	0.0 	-1	0.96	0.25
0.6 	0.1 	0.6 	-0.5 	-0.6 	-0.3 	-1.0 	-0.8 	0.5 	1	0.873	0.9166666666666666
-0.8 	-0.3 	0.9 	-0.4 	0.1 	0.2 	-1.0 	0.6 	0.2 	0	0.0	0.3333333333333333
-0.3 	-0.8 	0.8 	0.1 	0.1 	-1.0 	0.9 	0.9 	0.8 	0	0.0	0.3333333333333333
-0.9 	1.0 	0.1 	-0.1 	0.8 	0.4 	-0.7 	0.5 	0.9 	-1	0.866	0.5833333333333334
-0.7 	0.0 	1.0 	0.2 	-0.5 	1.0 	-0.1 	-0.9 	0.6 	0	0.0	0.75
0.8 	-0.4 	0.5 	-0.4 	0.3 	-0.4 	0.5 	0.1 	-0.6 	1	0.943	0.9166666666666666
0.4 	-0.1 	0.7 	0.9 	0.4 	0.3 	0.4 	0.3 	-1.0 	1	0.951	0.8333333333333334
0.6 	0.2 	-0.4 	0.9 	0.5 	-0.8 	0.2 	0.7 	-0.6 	1	0.867	0.25
0.5 	0.7 	-0.1 	0.4 	-0.3 	-0.3 	-1.0 	0.4 	-0.2 	1	0.867	0.08333333333333333
-0.2 	-0.8 	0.7 	-0.8 	-0.9 	-0.6 	-1.0 	-0.6 	-0.2 	-1	0.898	0.5833333333333334
-0.3 	0.2 	-0.1 	-0.8 	-0.3 	0.1 	-0.4 	0.7 	-0.9 	-1	0.886	0.75
0.9 	0.7 	-1.0 	-0.3 	0.1 	0.9 	0.2 	0.9 	-0.5 	-1	0.908	0.25
-0.6 	0.0 	0.1 	-0.2 	0.7 	0.6 	-0.4 	-0.4 	0.8 	-1	0.19799999999999995	0.75
1.0 	-0.3 	-0.3 	0.5 	-0.1 	-0.9 	0.9 	0.3 	0.8 	1	0.953	0.8333333333333334
0.3 	-0.2 	0.7 	-0.4 	0.8 	-0.3 	-0.4 	-0.4 	1.0 	1	0.907	0.9166666666666666
0.4 	0.8 	-0.7 	0.1 	-0.8 	0.2 	-0.5 	0.1 	-0.5 	-1	0.908	0.3333333333333333
-0.8 	0.4 	0.9 	-0.8 	-1.0 	-0.5 	0.4 	-0.8 	-0.9 	-1	0.646	0.6666666666666666
0.7 	0.6 	-0.7 	1.0 	-0.9 	-0.5 	0.8 	0.8 	0.8 	-1	0.83	0.08333333333333333
0.9 	-0.9 	0.7 	-0.5 	-0.8 	-0.6 	1.0 	-0.3 	0.6 	1	0.9390000000000001	0.75
0.0 	1.0 	0.1 	0.7 	-0.1 	0.2 	0.5 	0.2 	0.0 	1	0.769	0.08333333333333333
-0.9 	-0.3 	0.4 	0.4 	-0.2 	0.3 	0.7 	-0.8 	0.1 	1	0.969	0.08333333333333333
0.4 	-0.6 	0.8 	-0.4 	-0.6 	0.4 	0.3 	-0.9 	-0.2 	1	0.759	0.9166666666666666
-0.7 	-0.7 	0.9 	0.2 	-0.4 	0.3 	-0.7 	-0.6 	0.1 	0	0.0	0.16666666666666666
0.3 	0.0 	0.8 	0.7 	0.0 	-0.7 	0.0 	-0.1 	0.4 	1	0.949	0.8333333333333334
0.7 	-0.8 	0.8 	-0.4 	1.0 	0.4 	-0.2 	0.6 	0.7 	1	0.951	0.6666666666666666
0.3 	-1.0 	0.8 	-0.2 	0.6 	0.0 	0.4 	-0.2 	0.7 	1	0.913	0.8333333333333334
1.0 	-0.6 	-0.7 	-0.6 	0.0 	0.1 	0.4 	-0.4 	1.0 	1	0.949	0.6666666666666666
1.0 	-0.4 	-0.7 	-0.3 	-0.7 	0.6 	0.2 	-0.2 	-0.8 	1	0.897	0.5
-0.9 	-0.2 	0.7 	0.5 	0.1 	0.1 	-0.4 	0.0 	0.5 	0	0.0	0.75
-0.2 	1.0 	0.5 	-0.3 	-0.8 	0.6 	0.1 	0.4 	0.4 	-1	0.862	0.3333333333333333
0.8 	0.9 	-0.3 	1.0 	0.1 	-0.9 	0.5 	-0.8 	0.7 	-1	0.758	0.08333333333333333
0.8 	0.0 	0.3 	0.2 	0.0 	-0.8 	-1.0 	-0.3 	0.8 	1	0.955	0.8333333333333334
0.8 	0.7 	0.8 	0.4 	0.8 	-0.4 	-0.4 	0.6 	0.2 	1	0.951	0.5833333333333334
0.4 	0.0 	-0.6 	0.3 	0.0 	0.5 	-0.3 	0.0 	-0.7 	1	0.827	0.3333333333333333
-0.7 	-0.9 	0.7 	0.4 	-0.3 	0.6 	0.8 	-0.8 	0.9 	1	0.967	0.08333333333333333
-0.1 	-0.7 	-1.0 	-0.5 	0.4 	0.5 	0.6 	0.7 	1.0 	0	0.0	0.08333333333333333
0.0 	-0.6 	0.1 	0.3 	-0.2 	0.6 	0.0 	0.6 	-0.4 	0	0.978	0.0
0.8 	0.5 	0.0 	-0.1 	-0.3 	0.5 	-1.0 	0.4 	-0.8 	1	0.951	0.4166666666666667
-0.2 	-0.8 	0.9 	-0.9 	-0.4 	0.3 	0.4 	0.7 	-0.2 	0	0.0	0.0
-1.0 	-1.0 	0.9 	-0.5 	-0.6 	-0.2 	0.4 	-0.3 	-0.3 	0	0.0	0.25
0.2 	-1.0 	0.5 	0.6 	0.7 	-0.4 	-0.1 	0.2 	0.8 	1	0.893	0.8333333333333334
-0.8 	0.8 	-0.4 	-0.7 	-0.2 	1.0 	0.2 	-0.6 	-0.8 	-1	0.796	0.75
0.5 	-0.4 	0.0 	-0.8 	-0.9 	1.0 	0.5 	0.8 	0.2 	0	0.976	0.0
0.4 	0.4 	-0.9 	-0.3 	-0.5 	0.7 	1.0 	0.4 	-0.3 	-1	0.886	0.08333333333333333
-1.0 	-0.9 	-0.4 	-0.7 	0.2 	-0.9 	-0.8 	-0.1 	0.9 	1	0.963	0.0
0.7 	0.7 	-0.6 	1.0 	-0.9 	0.9 	-1.0 	-0.8 	-0.4 	1	0.389	0.08333333333333333
-0.9 	-0.5 	-0.6 	-0.8 	0.1 	-0.5 	1.0 	0.4 	-1.0 	0	0.0	0.75
0.2 	0.8 	0.1 	-0.4 	-0.1 	0.8 	-0.4 	-0.2 	0.0 	-1	0.856	0.5
-0.6 	-0.1 	0.1 	0.7 	0.5 	-1.0 	0.6 	0.6 	0.9 	0	0.976	0.0
1.0 	-0.1 	-0.2 	-0.3 	0.4 	0.5 	-0.3 	0.6 	-0.2 	1	0.947	0.6666666666666666
0.6 	-0.8 	-0.9 	0.7 	-0.2 	-0.5 	0.9 	0.4 	0.9 	1	0.925	0.75
0.5 	-0.2 	0.9 	0.5 	0.5 	0.1 	0.9 	-0.9 	-0.4 	1	0.5569999999999999	0.75
-0.9 	-0.5 	-1.0 	0.3 	0.5 	-0.1 	-0.4 	-0.9 	0.1 	0	0.975	0.0
-0.5 	0.9 	0.4 	-0.2 	-0.4 	0.1 	-0.6 	-0.1 	-0.7 	-1	0.6719999999999999	0.5
-0.1 	0.7 	0.8 	-0.8 	-0.6 	0.3 	-0.8 	0.7 	-0.5 	-1	0.776	0.08333333333333333
0.1 	-0.4 	-0.1 	-0.7 	-0.3 	0.4 	0.9 	-0.8 	0.2 	1	0.22099999999999997	0.25
-0.8 	-0.5 	-0.1 	0.3 	0.5 	-0.2 	-0.9 	-0.1 	0.5 	0	0.0	0.6666666666666666
1.0 	-0.6 	-0.3 	0.4 	-0.9 	-0.5 	1.0 	0.7 	-0.5 	1	0.965	0.8333333333333334
-0.5 	0.5 	0.7 	-0.7 	-0.3 	0.3 	0.7 	-1.0 	-0.4 	-1	0.762	0.5
-0.3 	0.7 	0.4 	-0.8 	1.0 	-0.3 	0.8 	-0.1 	1.0 	-1	0.742	0.3333333333333333
-0.6 	1.0 	-0.5 	-0.7 	0.2 	0.4 	1.0 	0.2 	0.7 	-1	0.848	0.6666666666666666
1.0 	1.0 	0.8 	0.7 	0.9 	-0.8 	-0.1 	-0.6 	0.5 	-1	0.784	0.08333333333333333
-1.0 	0.0 	-0.6 	0.0 	0.5 	0.1 	0.3 	-0.1 	-0.5 	-1	0.616	1.0
0.2 	-0.7 	0.6 	-0.8 	0.0 	-0.6 	0.0 	1.0 	0.6 	1	0.9410000000000001	0.9166666666666666
0.9 	0.9 	-0.9 	-0.8 	-0.7 	-0.9 	0.9 	0.4 	0.9 	-1	0.866	0.08333333333333333
-0.2 	-1.0 	0.5 	-1.0 	0.6 	0.6 	-0.3 	0.4 	-0.1 	-1	0.91	0.0
1.0 	-0.9 	0.7 	0.3 	-0.2 	0.0 	-0.4 	-0.1 	0.2 	1	0.949	0.9166666666666666
-0.2 	1.0 	-1.0 	-0.6 	-0.6 	0.0 	1.0 	-0.6 	0.3 	-1	0.846	0.6666666666666666
0.5 	0.7 	0.6 	-0.9 	-0.3 	-0.2 	0.9 	-1.0 	-0.3 	1	0.7150000000000001	0.08333333333333333
0.5 	-0.5 	0.7 	-0.1 	0.1 	0.5 	0.9 	0.3 	-0.5 	1	0.957	0.8333333333333334
0.5 	0.2 	-0.3 	-0.6 	0.5 	-0.3 	-0.9 	-0.5 	0.6 	1	0.825	0.08333333333333333
-0.2 	-0.2 	-1.0 	-0.8 	-0.9 	0.7 	0.0 	-0.4 	0.3 	-1	0.010000000000000009	0.6666666666666666
0.4 	0.2 	-1.0 	-0.8 	-0.8 	0.6 	0.7 	1.0 	-0.9 	-1	0.898	0.25
-1.0 	-0.3 	-0.3 	-1.0 	0.5 	0.0 	-0.7 	0.6 	0.3 	-1	0.5760000000000001	0.9166666666666666
0.3 	0.3 	1.0 	0.6 	0.3 	-0.6 	0.8 	-0.6 	0.3 	1	0.933	0.5833333333333334
1.0 	-0.1 	0.2 	-0.5 	0.4 	-0.6 	0.8 	0.2 	0.3 	1	0.951	0.9166666666666666
0.7 	0.9 	0.6 	-0.9 	-0.9 	0.4 	0.0 	-0.5 	0.2 	1	0.729	0.16666666666666666
-0.9 	-0.9 	-0.2 	0.0 	0.4 	-0.5 	-0.4 	-0.6 	-0.1 	0	0.0	0.5
-0.5 	0.2 	0.5 	-0.7 	-0.2 	-0.7 	0.7 	0.2 	-0.9 	1	0.923	0.3333333333333333
0.9 	0.2 	0.4 	-0.3 	0.2 	-0.7 	0.8 	-0.6 	0.1 	1	0.933	0.5833333333333334
0.5 	0.5 	0.4 	-0.7 	1.0 	-0.4 	1.0 	0.7 	0.3 	1	0.831	0.08333333333333333
-0.5 	-0.4 	-0.2 	1.0 	-0.5 	-0.5 	-1.0 	0.0 	0.2 	0	0.0	0.0
-0.9 	1.0 	-0.5 	-0.2 	0.7 	0.0 	-0.8 	0.5 	-0.8 	-1	0.842	0.5
-1.0 	0.3 	-0.5 	0.2 	-1.0 	-0.9 	0.1 	0.5 	1.0 	-1	0.706	0.8333333333333334
-0.3 	-0.8 	0.0 	0.7 	0.7 	0.8 	-1.0 	0.0 	-0.2 	0	0.0	0.16666666666666666
0.6 	0.8 	0.6 	-0.1 	0.8 	0.5 	0.5 	0.3 	0.7 	1	0.879	0.3333333333333333
-0.4 	0.6 	1.0 	-0.5 	0.5 	-0.7 	-0.8 	0.0 	0.9 	0	0.0	0.0
-0.2 	-0.9 	-0.7 	0.1 	1.0 	-0.6 	0.8 	-0.1 	0.2 	0	0.0	0.08333333333333333
-0.6 	0.1 	0.0 	0.6 	-0.5 	-0.8 	0.1 	-0.3 	0.4 	-1	0.8160000000000001	0.8333333333333334
-0.6 	0.2 	0.1 	0.1 	0.1 	0.6 	1.0 	-0.5 	-0.8 	-1	0.744	0.9166666666666666
0.8 	-0.5 	0.0 	-0.8 	-0.4 	-0.9 	0.4 	-0.9 	-0.9 	1	0.921	0.6666666666666666
0.5 	0.5 	-0.9 	0.0 	-0.3 	-0.2 	0.9 	0.6 	-0.7 	-1	0.836	0.08333333333333333
0.1 	-0.8 	-0.3 	0.2 	1.0 	0.1 	1.0 	-0.9 	-0.6 	0	0.0	0.0
-0.9 	-0.5 	-0.2 	-1.0 	-1.0 	1.0 	0.7 	-0.2 	0.1 	1	0.875	0.4166666666666667
-0.6 	0.0 	0.8 	-1.0 	0.7 	0.7 	-0.2 	0.7 	0.3 	-1	0.898	0.4166666666666667
-0.3 	-0.5 	0.1 	-0.6 	-0.3 	0.7 	0.7 	-0.2 	-0.7 	0	0.0	0.4166666666666667
-1.0 	0.9 	0.8 	0.4 	0.7 	0.0 	0.2 	0.0 	0.2 	-1	0.77	0.4166666666666667
-0.8 	0.3 	0.3 	-0.8 	0.7 	-0.1 	-0.3 	0.3 	-0.6 	-1	0.81	0.5833333333333334
0.7 	-0.3 	-0.3 	-0.1 	-0.7 	0.9 	0.4 	0.6 	-0.8 	1	0.919	0.5833333333333334
-0.5 	-0.4 	-0.4 	-0.4 	0.7 	0.5 	-0.5 	-0.4 	-0.7 	-1	0.258	0.75
0.5 	0.4 	0.0 	0.4 	-0.4 	0.8 	-0.7 	-0.2 	-0.8 	-1	0.5740000000000001	0.08333333333333333
1.0 	-0.3 	0.7 	0.9 	0.5 	0.2 	0.1 	0.9 	0.9 	1	0.945	0.75
-0.7 	0.3 	0.6 	0.4 	-0.5 	-0.6 	0.0 	1.0 	1.0 	1	0.891	0.5
0.9 	-0.3 	-0.1 	-0.1 	-0.8 	0.1 	1.0 	1.0 	0.2 	1	0.955	0.8333333333333334
0.7 	-0.9 	0.4 	-0.5 	0.7 	-0.5 	-0.1 	-0.8 	0.7 	-1	0.876	0.5833333333333334
0.9 	-0.9 	0.9 	0.7 	-0.6 	0.1 	-0.2 	-0.9 	0.6 	1	0.965	0.25
-0.7 	0.1 	0.7 	0.9 	0.3 	0.9 	0.3 	0.5 	-0.9 	-1	0.5740000000000001	0.6666666666666666
0.7 	1.0 	-0.5 	-1.0 	-0.8 	0.1 	0.4 	0.4 	0.9 	1	0.9410000000000001	0.3333333333333333
0.8 	-0.7 	-0.4 	-0.3 	0.0 	0.7 	-0.3 	0.7 	0.6 	1	0.9410000000000001	0.8333333333333334
0.5 	0.9 	-0.2 	-0.5 	0.1 	0.2 	-1.0 	0.3 	-0.3 	-1	0.87	0.08333333333333333
-0.5 	-0.8 	0.8 	-0.6 	0.9 	-0.3 	0.5 	0.0 	-0.9 	0	0.97	0.0
0.6 	-0.1 	1.0 	-0.5 	-1.0 	-0.9 	-0.4 	-0.2 	-0.5 	1	0.945	0.8333333333333334
-0.4 	0.1 	0.8 	0.9 	0.7 	-0.5 	-1.0 	0.6 	1.0 	0	0.976	0.0
-0.5 	-0.9 	-0.8 	0.8 	0.6 	0.2 	0.8 	-0.4 	0.8 	0	0.974	0.0
-0.3 	-1.0 	-0.9 	0.5 	-0.2 	0.7 	-0.8 	0.8 	0.1 	1	0.869	0.16666666666666666
-0.1 	1.0 	0.5 	-0.2 	-0.7 	-0.9 	0.3 	0.3 	0.2 	-1	0.8220000000000001	0.3333333333333333
0.9 	-0.5 	0.5 	0.5 	-0.4 	0.0 	-0.7 	0.9 	0.2 	1	0.961	0.9166666666666666
-0.5 	-0.2 	0.8 	-0.7 	0.4 	0.9 	0.0 	0.2 	0.2 	-1	0.906	0.3333333333333333
0.6 	-0.5 	0.6 	-0.6 	-1.0 	-0.2 	0.1 	0.3 	0.5 	1	0.947	0.6666666666666666
-0.4 	0.3 	-0.5 	-0.3 	0.7 	-0.6 	-0.8 	-0.3 	-0.8 	-1	0.8200000000000001	0.6666666666666666
-0.2 	0.0 	-0.8 	1.0 	-0.1 	-0.4 	0.4 	0.6 	0.7 	-1	0.764	0.9166666666666666
-0.4 	0.2 	0.6 	0.7 	-0.7 	0.4 	-1.0 	-0.7 	-0.7 	-1	0.548	0.75
0.7 	-0.6 	0.2 	-0.6 	0.4 	0.8 	-0.1 	-0.2 	-0.2 	1	0.959	0.9166666666666666
0.2 	0.7 	-0.8 	0.1 	0.3 	1.0 	0.3 	-1.0 	0.7 	-1	0.84	0.6666666666666666
