-0.024619999999999993	1.6	0.52	-0.6	-0.1	0.14	1.54	0.22	0.86	-0.42
0.08876000000000006	6.68	0.4	1.38	0.82	1.22	-2.3	-1.14	12.36	0.74
6.7263	9.16	1.92	-1.48	0.62	0.84	-14.06	-12.26	7.3	4.2
7.691739999999999	9.76	0.68	1.44	-0.9	-0.02	-1.56	-11.44	-7.68	3.58
6.933929999999999	14.78	-1.96	0.78	0.32	-2.42	1.6	-1.36	-8.94	3.06
8.59716	17.46	-4.02	2.18	2.02	-1.7	0.14	-1.46	-7.48	3.06
9.0743	12.7	-5.26	2.6	0.62	-4.62	-1.0	-0.14	-7.16	-11.42
8.95906	15.02	-4.56	1.2	-0.24	-1.88	1.18	-1.32	-8.76	-25.3
9.07905	17.64	-3.5	0.66	0.14	-3.96	7.36	-0.72	-11.12	-35.94
9.02699	16.18	-6.48	0.06	2.52	-2.12	8.04	-1.92	-9.34	-34.36
9.41567	19.38	-6.1	0.02	1.84	-1.28	8.0	-4.88	-9.4	-35.1
9.142600000000002	20.24	-4.0	-0.26	0.86	1.14	8.44	-6.62	-10.48	-36.38
9.11779	22.76	-5.6	1.0	1.64	-3.46	9.58	-7.54	-11.4	-44.66
9.24899	24.24	-8.02	0.74	3.98	-1.88	9.12	-2.8	-13.2	-44.86
9.278410000000001	18.38	-7.94	1.14	3.58	1.1	8.22	1.08	-8.12	-26.7
9.49177	14.78	-9.32	1.62	5.8	3.74	9.06	11.5	-4.44	-21.08
8.849400000000001	14.76	-9.08	1.06	4.14	4.8	8.72	13.02	-6.32	-19.7
9.06144	10.54	-9.06	4.74	5.16	5.5	9.78	16.06	-5.7	-10.84
8.40902	12.76	-11.36	6.86	4.7	7.0	10.9	-2.88	-7.48	-11.12
9.239930000000001	10.36	-11.4	7.32	4.9	8.6	9.96	-20.48	-5.8	-7.9
9.216650000000001	11.8	-9.62	10.38	7.16	6.76	11.66	-38.54	-4.52	-5.36
9.453560000000001	11.74	-10.28	10.64	1.2	6.2	14.66	-18.9	-2.82	-9.98
9.66232	9.12	-9.5	5.92	3.38	7.18	11.64	-36.36	-6.22	-11.82
8.93623	9.72	-8.86	8.26	1.82	8.44	7.96	-39.16	-4.68	-12.78
8.608740000000001	10.84	-10.04	9.16	4.04	8.48	11.88	-39.34	-5.4	-13.42
9.061969999999999	9.78	-9.98	8.54	2.14	17.92	9.6	-71.78	-3.68	-13.72
9.490699999999999	10.88	-10.82	9.36	3.54	30.22	8.74	-75.48	-5.52	-21.1
9.2612	10.7	-9.94	9.56	1.4	43.0	8.18	-75.62	-6.4	-19.58
9.38447	11.16	-8.88	8.4	1.92	42.2	8.56	-73.24	-4.02	-20.04
9.175009999999999	11.34	-11.14	6.28	2.52	54.44	8.0	-72.26	-5.12	-14.6
9.254090000000001	9.62	-10.08	9.74	4.28	31.38	10.08	-74.02	-4.18	-15.42
9.165379999999999	8.96	-9.74	9.7	2.82	54.56	8.14	-72.38	-2.9	-17.42
9.64331	8.88	-10.18	9.68	3.54	54.7	9.64	-68.74	-3.38	-22.96
9.20947	9.44	-10.38	9.4	1.0	37.62	9.9	-73.5	-3.8	-21.58
9.433430000000001	9.64	-8.88	9.66	2.76	35.86	10.78	-72.96	-2.42	-21.22
9.030830000000002	10.7	-7.98	11.68	2.54	32.98	12.1	-70.34	-1.76	-12.62
9.311960000000001	9.76	-9.52	10.0	1.1	19.3	13.56	-75.4	-5.16	-10.66
8.91312	7.94	-10.08	10.9	3.76	3.22	18.6	-73.2	-5.54	-11.56
8.964439999999998	11.8	-9.96	8.64	4.04	-16.28	22.34	-73.56	-6.7	-8.3
9.41088	12.38	-10.02	8.94	4.76	-14.66	19.84	-75.44	-6.76	-9.56
9.60237	11.58	-9.26	9.1	3.88	-14.86	22.22	-74.82	-4.64	-9.72
9.40486	12.26	-6.42	8.82	4.12	-13.86	22.72	-78.42	-2.98	-4.32
9.45058	10.3	-8.22	8.72	0.46	-14.48	18.3	-80.44	-1.82	-7.56
9.360999999999999	11.88	-8.3	8.32	0.66	-10.82	21.28	-79.8	-0.32	-2.38
9.4511	12.54	-9.44	8.26	-3.16	-8.28	17.66	-77.4	-1.56	-9.62
9.133980000000001	12.32	-9.04	8.94	-3.38	-13.18	19.1	-61.64	1.16	-10.06
9.478449999999999	11.12	-9.28	11.86	-6.26	-13.94	13.02	-82.6	2.22	-6.02
9.50104	13.16	-8.16	8.84	-0.06	-17.14	19.0	-81.56	2.0	-13.86
9.41741	10.5	-7.38	10.32	1.28	-13.9	19.34	-78.22	16.94	-15.16
9.50779	11.48	-7.78	9.9	3.8	-10.8	18.94	-78.44	32.14	-16.02
9.45509	11.7	-8.64	12.2	-0.08	-17.2	20.16	-79.98	17.02	-12.16
9.29971	10.34	-10.8	11.64	0.5	-16.1	12.56	-77.98	16.98	-12.96
8.73528	11.26	-10.68	13.28	1.9	-14.04	20.78	-76.48	14.84	-16.22
8.6611	12.62	-11.32	13.72	6.78	-17.6	21.44	-73.6	16.68	-19.42
9.4586	15.38	-10.44	12.68	8.72	-15.96	21.12	-75.82	22.3	-20.82
9.43023	14.42	-9.38	11.4	6.36	-20.8	19.26	-70.46	6.4	-17.7
9.030869999999998	14.94	-10.78	9.44	6.78	-22.66	21.3	-72.06	14.06	-17.6
9.589689999999997	15.58	-10.76	11.24	6.84	-23.44	20.3	-73.02	9.16	-15.86
9.398729999999999	15.54	-9.96	12.84	12.04	-19.92	18.84	-72.7	9.82	-16.58
9.52467	14.24	-9.62	12.54	12.4	-21.14	20.92	-70.18	24.9	-16.98
9.28098	13.14	-11.7	12.56	10.92	-21.42	17.86	-72.34	17.14	-14.54
9.224899999999998	13.76	-8.92	14.72	9.7	-20.14	21.56	-72.98	-5.26	-15.94
9.392339999999999	12.82	-11.04	15.08	11.32	-21.34	22.5	-69.48	-7.94	-16.22
9.287469999999999	13.04	-7.8	15.28	11.12	-22.2	24.9	-68.58	-8.1	-17.9
9.03096	16.04	-8.26	15.36	10.62	-19.74	23.22	-69.38	-5.72	-18.8
9.656030000000001	13.76	-7.28	19.08	7.72	-17.2	25.02	-69.06	-8.12	-19.16
8.97985	15.66	-6.94	17.28	8.68	-17.98	25.32	-71.44	-7.88	-17.1
9.55342	14.46	-6.58	20.52	11.36	-19.0	27.12	-73.5	-7.98	-21.36
9.223099999999999	15.7	-8.84	23.66	9.96	-18.34	26.76	-76.36	-7.44	-20.38
9.104249999999999	13.28	-7.82	23.46	8.94	-16.32	25.28	-75.54	-8.62	-19.12
9.10061	13.32	-6.9	27.16	11.8	-19.78	27.86	-76.02	-10.18	-18.28
9.11803	14.14	-6.84	28.02	12.46	-20.76	28.38	-76.02	-6.28	-16.84
9.335289999999999	14.56	-8.6	27.58	9.5	-19.54	26.56	-75.02	-7.62	-17.02
9.43767	12.58	-8.34	27.22	4.68	-9.68	26.68	-76.28	-7.7	-16.74
9.552769999999999	11.82	-10.18	23.4	5.1	-8.84	26.18	-77.04	-6.64	-14.96
9.314919999999999	12.68	-9.44	30.08	4.06	-5.8	28.74	-74.82	-6.86	-15.68
9.43305	13.5	-9.1	21.58	5.12	-3.64	24.26	-79.98	-6.46	-14.96
9.19426	11.6	-12.86	21.74	2.14	-1.02	26.26	-78.68	-7.44	-15.26
9.21424	11.42	-11.38	27.38	1.06	-4.24	34.28	-75.56	-6.46	-14.22
9.185799999999999	8.06	-11.66	24.94	1.34	-2.84	31.36	-80.5	-5.46	-17.7
9.020040000000002	9.6	-12.94	26.24	0.8	-2.62	29.56	-81.16	-5.9	-17.76
8.72517	5.72	-5.76	31.56	-2.24	-8.26	32.6	-87.02	-3.62	-19.96
8.98455	6.74	-5.56	32.6	0.96	-10.7	36.7	-85.14	-1.7	-24.68
9.150939999999999	6.58	-0.58	35.0	2.22	-10.66	40.56	-83.42	0.64	-30.36
8.84536	6.64	-4.88	36.16	7.16	-11.24	38.4	-81.36	0.22	-31.26
8.94076	9.72	-4.74	36.52	4.44	-10.74	41.8	-80.1	0.32	-32.5
9.10164	11.7	-4.58	35.04	2.36	-10.82	41.84	-78.64	-0.66	-31.92
9.23322	14.18	-5.06	29.66	9.2	-11.3	38.36	-78.96	1.94	-25.32
9.15847	12.7	-6.0	32.08	1.78	-12.44	38.42	-79.04	1.54	-23.86
9.21238	21.74	-5.86	36.74	0.36	-11.14	38.58	-78.16	-0.08	-31.64
9.45577	21.14	-5.04	35.64	-0.44	-11.14	44.32	-82.06	-1.16	-25.16
9.42959	19.82	-5.62	35.82	-1.82	-13.6	46.14	-85.92	0.22	-22.38
9.24859	18.84	-7.58	40.0	-3.0	-14.82	45.96	-85.64	-0.5	-11.42
9.36806	21.02	-8.82	41.22	-3.16	-14.84	44.56	-81.18	-0.68	-20.2
9.528629999999998	15.48	-7.72	40.82	-1.5	-15.0	45.88	-85.24	0.56	-13.6
9.020959999999999	17.88	-9.7	40.64	-1.34	-14.32	42.3	-86.56	1.22	-15.98
9.38793	19.32	-14.38	28.22	2.08	-14.86	43.28	-93.7	5.06	-15.56
9.46393	14.4	-12.66	26.54	3.2	-15.0	41.52	-94.04	5.24	-16.06
9.29411	16.92	-12.74	28.34	4.38	-19.42	41.96	-93.7	1.24	-15.1
9.348559999999999	18.38	-13.02	30.54	5.48	-19.54	41.54	-91.96	-0.5	-15.22
9.58248	18.64	-13.2	30.08	5.76	-20.0	42.34	-92.8	0.4	-14.8
9.45663	20.18	-11.56	34.28	1.5	-16.56	41.8	-93.84	1.84	-10.74
9.20901	18.46	-16.02	34.12	1.42	-16.98	41.64	-93.9	-2.84	-13.32
9.43373	18.56	-12.16	29.96	7.72	-19.26	41.32	-93.32	-6.44	-14.54
9.36357	19.18	-12.76	25.06	10.56	-26.2	41.68	-88.92	-13.12	-11.2
9.33705	18.52	-12.04	24.66	11.6	-22.96	41.18	-94.44	-14.2	-12.54
9.53217	19.96	-11.72	22.74	10.94	-23.34	42.38	-93.26	-11.6	-13.28
9.468989999999998	19.52	-11.7	24.48	10.2	-22.74	41.14	-93.6	-10.08	-10.38
9.258119999999998	19.18	-14.58	24.64	10.96	-19.28	40.64	-93.84	-14.36	-8.86
9.365969999999999	20.18	-14.02	23.36	11.3	-21.94	39.42	-91.28	-11.1	-13.06
9.04195	19.24	-14.86	26.22	10.88	-23.16	39.1	-87.1	-11.54	-15.94
9.29888	19.28	-14.56	25.32	13.14	-21.94	40.78	-90.02	-9.98	-16.8
9.27705	20.88	-15.12	23.34	14.22	-17.44	42.5	-92.48	-12.2	-16.92
9.577850000000002	18.72	-13.58	24.94	13.22	-18.04	45.06	-89.06	-10.38	-14.84
9.37543	17.92	-13.1	23.68	14.38	-18.0	44.36	-92.06	-10.72	-11.78
9.15402	18.28	-13.9	21.9	14.82	-17.06	44.56	-90.22	-9.72	-11.82
9.2918	19.16	-14.04	21.98	14.4	-15.5	38.94	-90.26	-8.18	-11.32
9.617989999999999	17.48	-13.7	17.72	14.88	-12.36	45.66	-90.26	-8.08	-13.3
9.52168	19.06	-13.54	19.08	15.04	-9.9	47.56	-86.64	-9.66	-13.76
9.37395	20.44	-17.08	18.26	16.9	-10.78	47.82	-87.72	-10.0	-13.14
8.9594	21.68	-18.32	25.38	14.1	-2.32	45.4	-84.18	-8.52	-15.08
9.41094	21.34	-16.32	24.92	14.94	-6.18	50.62	-85.42	-6.24	-14.1
9.50358	22.0	-18.58	26.84	16.94	-6.46	48.08	-86.84	-8.86	-15.62
9.40372	21.72	-17.06	24.6	18.44	-2.94	47.04	-90.16	-7.6	-14.7
9.43881	23.36	-12.14	23.42	19.34	-2.3	51.44	-87.1	-9.0	-18.82
9.17732	20.5	-12.74	24.48	18.18	-1.14	50.28	-93.32	-9.6	-19.64
9.492629999999998	22.5	-14.44	26.18	20.08	-0.64	49.66	-94.76	-8.28	-20.8
9.602699999999999	19.22	-12.96	25.36	20.22	-2.12	49.6	-94.34	-7.66	-19.3
9.236749999999999	19.82	-13.6	24.2	18.56	-2.04	45.36	-93.98	-6.24	-20.44
9.45323	23.54	-14.04	23.14	18.28	-5.38	58.02	-94.46	-5.46	-22.46
9.613419999999998	26.3	-15.96	28.16	20.66	-8.28	83.68	-96.68	-9.36	-22.94
9.14217	25.8	-18.86	28.7	32.32	-10.08	97.18	-100.02	-11.86	-22.98
9.23714	27.98	-19.86	28.2	16.7	-6.74	99.5	-100.28	-9.4	-26.8
9.668349999999998	27.56	-19.42	28.08	16.86	-4.82	101.18	-98.92	6.46	-28.78
9.67553	27.52	-18.98	28.28	17.94	-7.08	102.54	-96.64	8.64	-32.46
9.60295	28.06	-19.3	26.82	21.12	-8.74	103.36	-98.98	-6.72	-32.54
9.32209	28.78	-17.0	26.68	17.56	-5.96	97.44	-100.88	-10.98	-32.36
9.398629999999999	27.48	-21.04	28.6	15.16	-3.36	91.6	-105.76	-11.74	-34.68
9.71957	29.22	-19.78	29.92	15.66	-4.24	90.44	-108.18	-13.26	-32.22
9.68171	28.22	-20.98	31.56	15.7	-0.34	96.36	-109.0	-12.62	-34.86
9.777149999999999	28.6	-24.82	33.82	12.64	-1.66	95.52	-95.38	-12.24	-36.64
9.92729	27.6	-25.46	33.34	15.06	-2.44	97.06	-99.5	-11.96	-36.8
9.80816	27.4	-26.96	29.96	14.58	-2.64	97.04	-98.34	-13.12	-38.96
9.51326	25.88	-24.92	36.84	14.82	-2.64	97.0	-93.04	-15.62	-40.94
9.54882	29.82	-24.88	38.22	15.5	-2.84	95.08	-87.64	-17.56	-49.88
9.90535	28.3	-25.8	36.84	12.12	-3.5	93.38	-63.4	-16.3	-60.22
9.69154	29.24	-26.1	39.66	11.78	-4.74	94.0	-98.1	-16.14	-48.14
9.70777	26.76	-24.6	37.76	12.44	-2.44	95.02	-98.02	-13.36	-48.84
9.51428	26.64	-24.2	39.44	11.64	-0.48	93.74	-99.82	-14.06	-37.5
9.55398	27.94	-23.62	38.44	14.08	-3.28	94.24	-99.66	-12.42	-39.34
9.83809	27.66	-23.06	38.5	16.5	-3.24	94.44	-100.26	-9.88	-38.72
9.50352	29.08	-23.46	39.0	23.98	-3.7	90.24	-98.22	-15.62	-38.4
9.41302	30.44	-27.62	37.54	22.54	-3.58	93.24	-97.78	-14.08	-41.76
9.633069999999998	30.78	-29.06	39.1	22.78	-4.4	94.5	-97.74	-14.14	-42.86
9.10821	33.1	-25.78	39.78	16.52	-5.0	89.38	-98.9	-12.7	-42.32
9.75002	30.84	-25.92	40.42	11.18	-3.24	93.78	-98.18	-10.4	-44.5
9.74653	28.78	-25.24	43.04	16.1	-1.76	96.2	-83.52	7.7	-47.86
9.66282	29.74	-24.62	39.94	11.36	-2.18	97.76	-102.1	-11.88	-49.64
9.570079999999999	28.62	-24.84	38.66	10.2	-1.46	97.04	-101.16	-15.2	-46.3
9.842120000000001	29.46	-26.3	38.06	16.02	-0.72	97.54	-99.02	-18.02	-47.04
9.511489999999998	30.38	-27.44	38.5	13.32	-1.7	97.04	-97.9	-15.48	-46.0
9.83632	29.84	-27.12	35.78	12.38	-1.24	94.42	-99.0	-18.0	-43.72
9.5715	31.82	-26.54	39.1	14.78	2.68	93.74	-101.08	-19.24	-44.2
9.7688	27.88	-30.06	38.5	12.52	2.04	97.24	-100.46	-19.1	-47.48
9.37806	32.88	-29.66	36.82	13.46	2.28	99.84	-97.98	-19.92	-47.72
9.82265	31.56	-32.6	37.38	14.56	3.26	101.84	-99.62	-16.5	-46.6
9.48525	31.46	-32.44	36.42	16.54	0.88	100.3	-97.32	-17.64	-43.5
9.74707	32.16	-28.38	39.22	19.42	-2.26	98.36	-103.84	-18.5	-42.04
9.71904	31.86	-28.54	39.2	17.26	-3.7	97.84	-103.22	-14.22	-40.88
9.7018	29.86	-30.36	38.84	14.12	-1.8	98.24	-105.06	-18.22	-38.4
9.626779999999998	31.94	-31.02	35.86	16.48	-1.86	92.78	-105.54	-19.32	-39.16
9.6289	32.04	-29.02	35.42	14.36	-2.68	61.16	-108.4	-19.32	-38.24
9.887229999999999	28.28	-29.08	39.34	13.16	-2.32	21.78	-108.5	-16.68	-39.24
9.64912	30.34	-29.68	37.9	14.54	-2.6	59.46	-104.5	-18.12	-37.92
9.67582	30.58	-27.34	36.7	16.32	-1.14	94.72	-102.16	-18.02	-35.82
9.49696	32.14	-26.94	38.18	18.24	-1.88	96.82	-103.54	-17.64	-26.1
9.745890000000001	33.24	-27.82	36.38	18.28	-1.48	96.7	-103.1	-13.98	-35.4
9.757929999999998	34.1	-25.48	36.5	19.52	-3.38	94.48	-105.16	-16.92	-38.44
9.626910000000002	32.92	-30.14	34.74	22.2	-3.72	92.98	-104.04	-18.54	-38.26
8.96988	34.16	-29.56	36.26	22.16	-2.96	94.22	-102.9	-20.96	-36.94
9.777489999999998	35.48	-29.64	33.2	16.84	-0.74	96.2	-101.96	-18.72	-36.94
9.67137	33.1	-30.16	35.9	17.84	-2.28	98.76	-102.46	-18.16	-38.38
9.42575	36.4	-27.42	37.72	19.92	-2.7	94.0	-99.68	-20.42	-38.38
9.580720000000001	36.28	-28.98	37.42	18.46	-1.64	92.54	-98.46	-20.9	-34.68
9.78415	36.28	-27.96	37.58	19.32	-2.44	94.38	-100.82	-22.08	-40.0
9.49093	35.72	-25.44	40.7	17.6	0.38	94.28	-99.74	-21.66	-39.68
9.55498	32.32	-26.44	39.5	20.98	0.02	92.78	-100.02	-17.5	-40.38
9.46001	39.2	-25.42	35.12	10.16	-1.08	98.98	-93.92	-11.68	-38.04
9.59141	39.04	-25.92	35.68	9.66	0.94	97.68	-98.38	-11.18	-39.94
9.64712	36.84	-24.3	36.92	9.04	-3.46	99.34	-97.98	-9.1	-37.5
9.7967	33.84	-24.02	37.3	9.08	-3.54	100.44	-100.64	-9.52	-38.68
9.732169999999998	31.8	-23.36	38.22	13.34	-3.8	105.92	-98.56	-7.84	-32.34
9.781239999999999	29.06	-23.42	38.38	10.68	-2.1	105.82	-98.04	-8.48	-31.9
9.404630000000001	31.92	-24.0	41.34	13.1	-1.66	106.14	-95.08	-4.82	-31.72
9.77232	29.72	-27.48	44.16	15.32	-1.34	107.46	-99.0	-8.96	-32.34
9.57667	31.42	-25.24	44.82	16.96	-2.16	106.66	-95.32	-7.4	-30.4
9.754129999999998	31.38	-27.1	37.04	18.14	-1.78	107.56	-98.4	-9.84	-31.6
9.258890000000001	33.46	-28.16	36.44	17.16	1.34	105.88	-96.22	-8.0	-33.76
9.822	30.64	-29.88	38.96	15.38	-2.56	103.76	-98.12	-9.02	-34.76
9.568489999999999	36.5	-32.34	39.2	11.8	-1.46	106.56	-95.04	-11.94	-35.44
9.76858	37.36	-31.0	39.02	12.92	-2.4	106.28	-98.84	-11.76	-36.02
9.79246	34.12	-31.06	40.64	13.18	-2.88	101.66	-98.44	-12.72	-33.74
9.58213	34.78	-27.66	38.26	17.42	-4.66	107.06	-95.28	-15.3	-36.64
9.58649	34.26	-27.7	40.0	16.96	-3.9	109.72	-97.48	-14.86	-33.7
9.888749999999998	34.54	-27.02	38.12	16.02	-4.74	108.66	-95.6	-15.16	-31.28
9.785249999999998	34.94	-24.62	38.94	18.14	-3.74	108.08	-95.38	-14.66	-32.02
9.83997	32.72	-28.46	39.08	18.28	-3.48	106.5	-94.3	-15.98	-33.12
9.34713	36.04	-27.56	41.16	17.4	-1.76	108.64	-96.96	-18.94	-35.98
9.792499999999999	34.1	-26.34	44.44	19.14	-1.14	105.46	-98.74	-14.42	-44.88
9.732719999999999	34.46	-21.5	40.54	18.2	-1.86	105.88	-93.58	-15.22	-42.46
9.52524	34.72	-26.22	35.4	19.14	-4.44	108.14	-66.74	-18.98	-51.24
9.464729999999998	36.24	-26.02	37.9	17.94	-2.88	108.16	-72.56	-19.7	-40.9
9.58149	35.7	-29.64	39.24	19.22	-0.5	106.68	-98.54	-20.38	-37.42
9.77817	33.24	-27.52	41.02	17.02	-1.34	107.8	-99.1	-19.52	-39.02
9.72948	34.6	-26.24	42.62	15.16	-1.42	104.48	-85.48	-18.98	-44.68
9.73073	36.46	-29.56	41.12	19.62	-2.84	104.02	-81.92	-20.54	-39.46
9.42715	34.7	-27.86	40.9	18.72	-2.32	87.68	-84.44	-17.44	-46.84
9.81816	37.4	-26.02	41.7	19.46	-0.68	105.0	-54.6	-17.94	-46.5
9.8426	38.52	-27.06	44.16	19.46	-0.82	102.8	-36.9	-18.42	-43.4
9.558480000000001	40.62	-25.16	47.22	21.3	-1.86	105.5	-22.06	-19.46	-46.92
9.476510000000001	44.02	-24.04	46.84	20.68	-5.28	103.52	-21.68	-18.78	-46.46
9.54428	44.58	-24.36	46.42	17.54	-2.12	103.68	-22.2	-21.0	-46.72
9.80123	46.16	-25.44	46.72	19.04	-4.68	101.18	-18.74	-20.92	-46.44
9.63355	46.38	-22.74	50.1	18.98	-5.3	97.18	-17.68	-23.22	-47.12
9.75904	46.98	-23.52	53.44	16.56	-8.28	98.66	-18.92	-23.14	-44.96
9.562769999999999	49.22	-25.7	55.36	16.88	-8.32	96.66	-20.06	-22.66	-46.84
9.67282	42.92	-25.4	55.32	17.02	-7.6	101.32	-22.92	-18.84	-47.32
9.435599999999999	45.02	-23.96	55.46	19.02	-5.94	102.38	-25.34	-18.16	-44.8
9.48605	43.52	-25.46	53.82	19.28	-4.82	96.38	-23.48	-19.34	-39.56
9.73843	43.42	-27.3	60.52	21.28	-5.42	97.3	-23.98	-21.2	-26.26
9.754350000000002	39.9	-29.2	59.94	20.12	-5.7	102.48	-11.9	-19.98	-10.44
9.34023	42.34	-35.44	52.9	19.18	-5.34	100.18	-2.38	-14.42	26.9
9.55159	43.4	-37.66	56.78	19.86	-5.66	100.88	5.32	-4.24	28.04
9.69675	39.34	-34.84	63.0	18.88	-8.2	98.42	0.28	-25.28	-16.0
9.71349	41.1	-33.3	60.24	19.92	-2.58	99.74	1.68	-25.36	-13.42
9.68889	38.92	-32.48	58.88	19.56	-5.22	99.62	2.76	-25.3	-17.28
9.48054	40.4	-32.38	59.28	17.0	-5.88	98.04	10.16	-25.72	-37.38
9.72142	40.36	-30.76	62.3	18.26	-3.72	98.04	10.34	-25.3	-38.02
9.81573	40.02	-30.86	51.42	13.76	-6.62	97.28	12.88	-22.92	8.66
9.736809999999998	39.42	-29.52	48.86	11.44	-6.08	97.7	11.74	-22.94	10.86
9.76314	38.72	-30.32	49.04	13.48	-7.1	96.46	8.94	-23.2	11.58
9.54809	39.64	-32.14	45.1	8.66	-7.6	93.84	-0.96	-24.14	35.32
9.346599999999999	38.58	-32.54	44.06	7.94	-7.38	96.54	9.88	-23.48	39.42
9.307780000000001	39.0	-33.84	57.28	15.04	-7.96	98.04	9.96	-24.38	4.46
9.4465	40.18	-32.6	58.04	7.5	-7.3	91.92	13.28	-23.06	-1.34
9.853439999999999	43.18	-31.84	49.22	13.46	-8.54	96.7	11.08	-23.78	33.08
9.69599	42.62	-33.02	39.38	9.34	-14.32	94.8	4.74	-21.3	94.22
9.580549999999999	45.88	-33.26	39.4	10.94	-13.78	95.16	2.82	-22.02	96.68
9.44746	49.26	-32.3	37.62	10.76	-12.6	94.88	3.4	-21.46	98.12
9.33007	48.14	-33.9	41.4	11.3	-13.36	96.2	3.14	-22.06	93.94
9.62164	46.1	-38.32	39.42	11.2	-11.72	92.14	2.78	-22.08	95.04
9.52742	45.36	-38.62	37.32	14.32	-17.04	95.44	3.84	-23.76	96.54
9.50465	45.5	-40.3	37.4	12.2	-14.86	91.24	2.8	-24.48	99.26
9.58336	42.98	-38.98	35.2	8.52	-16.2	94.86	4.22	-22.44	98.22
9.58395	43.26	-38.9	31.82	8.76	-14.78	94.08	3.5	-20.3	99.62
9.570350000000001	47.14	-38.92	34.44	10.7	-10.6	94.72	16.72	-18.12	96.58
9.82933	47.9	-39.48	34.6	7.16	-12.02	90.96	36.38	-17.74	97.88
9.863869999999999	49.54	-37.88	36.62	-13.28	-11.02	92.66	35.78	-21.06	98.52
9.7331	50.0	-36.9	34.18	-13.26	-10.96	94.76	34.16	-18.28	94.52
9.671569999999997	48.1	-32.6	33.76	6.82	-12.76	95.94	8.78	-14.92	88.94
9.45251	51.84	-36.16	32.5	21.82	-11.86	93.12	7.94	-14.4	92.2
9.608709999999999	50.36	-35.02	32.9	7.08	-7.48	96.58	29.6	-15.96	93.08
9.52655	49.48	-39.5	33.92	6.82	-4.08	90.66	74.88	-17.48	95.1
9.88535	48.56	-36.46	33.9	7.1	-3.48	93.92	76.68	-16.96	99.52
9.59735	47.52	-34.98	33.04	5.54	-1.58	89.38	99.28	-25.74	97.84
9.218110000000001	49.74	-41.06	33.52	6.72	0.16	88.36	98.72	-24.78	65.5
9.74207	47.22	-41.24	33.18	6.82	-0.28	92.94	102.18	-28.62	27.68
9.69129	49.56	-38.28	32.74	6.76	2.56	95.74	99.42	-29.14	65.58
9.79502	50.8	-39.62	33.2	3.84	-2.52	95.56	101.7	-25.44	50.16
9.7301	48.56	-41.02	33.26	5.38	-3.04	99.46	105.64	-26.58	41.3
9.602419999999999	48.6	-41.46	31.92	4.54	-8.36	94.56	110.14	-34.88	82.72
9.60271	48.9	-37.14	33.04	1.46	-4.1	95.1	111.92	-34.52	71.18
9.484119999999999	50.4	-37.82	33.16	3.16	-5.64	96.08	108.56	-33.82	70.08
9.65607	47.88	-35.62	33.46	3.34	-3.26	95.0	104.6	-33.14	57.88
9.6303	51.46	-36.44	32.34	7.02	-5.5	96.28	98.24	-33.66	73.32
9.74246	44.28	-35.88	28.02	2.0	-4.46	94.72	106.7	-33.02	62.98
9.659460000000001	43.18	-35.36	31.34	3.06	-5.68	94.18	107.08	-32.3	60.78
9.61248	44.2	-38.6	28.26	6.16	-9.3	93.36	92.12	-32.46	82.34
9.36516	48.5	-38.22	29.58	6.78	-11.24	97.5	88.4	-36.32	95.62
9.51216	48.04	-38.7	28.82	8.82	-10.74	96.54	85.78	-35.86	96.44
9.74911	49.1	-38.34	26.44	7.38	-10.38	90.4	84.82	-36.7	95.9
9.66767	50.26	-39.3	25.48	6.2	-10.82	97.34	79.78	-37.66	108.4
9.83245	48.5	-31.94	25.6	7.24	-11.16	97.0	79.18	-37.44	107.1
9.19498	51.04	-38.0	26.86	6.66	-9.42	94.04	82.08	-38.84	104.16
9.69173	50.48	-38.58	25.28	6.4	-9.12	90.72	76.36	-37.16	106.58
9.38191	49.96	-38.34	25.44	7.86	-9.9	83.2	76.84	-34.48	102.9
9.66641	53.6	-38.38	25.66	4.6	-7.82	85.06	49.86	-32.56	70.32
9.82131	51.6	-39.18	29.86	2.88	-6.76	86.64	47.98	-29.44	36.72
9.52929	51.9	-37.78	34.68	1.96	-10.52	98.62	13.64	-27.16	3.82
9.55834	51.3	-35.14	36.06	4.28	-10.7	101.94	37.58	-25.1	-32.78
9.568379999999998	51.68	-35.88	38.94	4.92	-10.94	98.98	70.2	-24.82	-69.38
9.41584	52.48	-38.66	42.34	4.42	-12.16	76.96	67.34	-25.4	-69.56
9.658030000000002	51.66	-40.04	43.62	4.04	-10.6	76.26	65.44	-25.48	-68.32
9.71036	49.9	-40.04	43.22	5.1	-11.1	40.82	63.54	-24.02	-65.32
9.625070000000001	52.7	-40.36	37.52	7.62	-9.0	74.6	56.78	-23.62	-62.36
9.696530000000001	50.02	-42.92	33.68	7.08	-9.5	102.28	54.16	-24.32	-64.88
9.493459999999999	54.96	-39.82	33.7	9.48	-9.42	107.04	42.28	-25.84	-63.62
9.59381	52.58	-42.3	36.06	7.7	-8.68	106.84	26.9	-27.16	-63.76
9.715359999999999	52.04	-41.8	35.24	8.18	-5.68	107.04	41.8	-28.88	-63.72
9.837050000000001	51.16	-42.22	37.38	9.36	-7.24	101.58	32.12	-27.48	-63.0
9.60668	53.12	-40.68	30.78	18.46	-9.8	105.24	48.6	-25.38	-67.38
9.88799	53.56	-40.42	32.1	22.68	-10.94	108.82	48.26	-22.72	-68.46
9.60598	55.02	-42.46	32.48	19.9	-13.12	110.12	49.54	-20.48	-68.64
9.65706	51.36	-43.64	31.7	20.74	-13.32	112.86	52.1	-19.54	-68.56
9.277090000000001	54.54	-43.44	32.84	21.46	-13.38	105.36	52.36	-21.94	-68.66
9.55538	55.98	-44.06	28.88	20.74	-15.18	112.26	51.34	-20.06	-68.4
9.59962	52.4	-37.14	30.7	22.04	-14.0	112.96	49.92	-20.2	-68.4
9.13236	52.74	-42.36	33.16	24.08	-15.34	118.7	59.0	-16.08	-68.74
9.34857	49.9	-37.84	35.88	22.98	-13.36	120.86	58.44	-13.92	-67.14
9.25739	53.98	-42.86	31.82	27.66	-19.0	120.44	71.06	-17.2	-66.56
9.53425	54.54	-41.12	32.14	25.5	-20.02	120.5	74.12	-16.98	-65.94
9.11713	56.46	-40.48	32.36	24.18	-20.42	117.06	72.1	-16.34	-65.94
9.675460000000001	56.78	-43.08	34.06	24.42	-20.64	117.4	71.44	-14.54	-64.68
9.55348	53.96	-41.04	34.92	24.22	-18.34	121.98	69.88	-9.06	-65.78
9.240169999999999	59.02	-47.08	41.34	30.76	-16.46	121.1	73.08	-13.52	-67.4
9.51665	55.28	-42.78	35.02	27.36	-21.06	117.28	68.6	-7.8	-64.86
9.4772	56.02	-40.1	30.56	25.44	-24.48	114.42	69.54	-6.02	-69.44
9.610240000000001	53.12	-39.3	27.88	27.16	-21.04	115.76	68.86	-5.6	-66.72
9.511560000000001	54.02	-36.4	31.54	29.0	-20.22	116.64	72.66	-3.72	-71.72
9.43516	56.22	-38.28	32.86	27.88	-18.52	117.2	67.5	-5.62	-66.78
9.51362	52.46	-38.68	31.96	28.26	-21.18	116.68	44.56	-6.4	-49.86
9.61824	51.12	-39.1	34.36	27.14	-22.3	117.66	45.24	-7.8	-51.14
9.483659999999999	50.1	-37.94	29.16	25.98	-19.94	116.18	-2.9	-6.8	-17.44
9.27595	52.9	-38.3	31.32	26.96	-20.74	122.98	-0.86	-3.6	-18.12
9.48247	51.16	-37.2	32.14	25.22	-19.88	118.84	23.5	-5.78	-38.32
9.51196	51.8	-34.82	31.54	25.96	-15.08	122.94	-10.68	-4.9	-16.94
9.37914	54.88	-37.44	26.92	29.18	-9.62	116.0	-67.82	-4.88	22.04
9.65836	57.28	-38.3	27.6	31.24	-8.66	99.3	-72.84	-3.1	20.46
9.51404	56.56	-37.22	26.7	30.86	-12.9	97.88	-74.7	-2.26	24.2
9.59492	56.06	-40.58	24.52	31.74	2.98	68.32	-66.18	-4.08	25.22
9.64766	58.12	-38.16	27.26	31.66	2.84	65.82	-64.0	-7.72	19.88
9.641350000000001	56.34	-40.78	27.36	29.3	-9.08	95.44	-86.26	-5.3	15.58
9.377109999999998	57.18	-40.84	26.2	28.36	-2.22	81.66	-78.46	-7.12	13.32
9.368360000000001	57.14	-42.42	28.1	23.86	-6.6	86.48	-76.1	-5.12	8.94
9.40724	56.26	-44.1	24.7	26.72	1.16	70.9	-66.96	-8.46	3.34
9.501689999999998	52.18	-47.22	31.4	25.02	8.42	56.9	-53.08	-6.82	1.06
9.43432	52.94	-49.0	23.66	22.78	4.82	55.52	-56.0	-4.32	1.36
9.50282	56.04	-48.92	24.9	22.8	8.94	57.92	-55.04	-7.28	-1.9
9.611360000000001	55.54	-45.82	24.66	24.14	9.98	57.38	-55.8	-8.16	-0.04
9.53087	56.54	-43.42	23.26	21.52	8.54	55.44	-54.94	-13.56	-0.18
9.56643	58.96	-49.46	23.32	22.66	11.72	55.96	-55.56	-14.88	-0.02
9.48536	60.0	-48.98	21.6	22.36	9.54	55.54	-61.66	-14.38	-1.28
9.67799	59.84	-48.56	23.3	22.8	7.94	53.5	-59.44	-13.56	-2.34
9.62718	61.54	-50.34	22.86	20.94	8.34	55.84	-62.16	-11.76	0.84
9.53655	69.04	-51.18	27.4	23.5	4.98	54.38	-60.08	-14.62	-0.04
9.80932	69.0	-49.98	25.16	21.52	1.06	48.9	-58.56	-6.04	-3.52
9.83689	70.24	-52.66	26.42	20.4	0.8	49.9	-60.86	-6.1	-4.14
9.77077	73.24	-49.96	24.5	17.32	3.94	50.74	-60.02	6.02	-2.36
9.69022	73.4	-50.28	25.12	15.36	8.76	50.22	-65.66	16.9	-3.88
9.66488	66.4	-50.58	26.46	19.68	0.52	45.04	-57.66	-5.56	-4.18
9.74461	64.08	-50.28	27.42	21.2	-0.24	31.84	-58.62	-6.16	-10.84
9.54212	65.2	-50.58	30.58	22.0	-1.66	21.64	-56.08	-19.3	-27.1
9.828619999999999	67.28	-45.74	31.78	24.22	0.56	1.06	-55.56	-19.76	-67.64
9.627149999999999	65.08	-49.32	33.7	21.76	0.78	2.02	-55.26	-18.92	-67.6
9.6348	63.74	-49.14	34.62	22.22	0.2	-0.24	-56.46	-18.56	-67.24
9.623289999999999	63.92	-49.32	35.9	22.7	-0.94	10.92	-55.52	-20.38	-52.5
10.028220000000001	63.18	-53.1	37.52	22.96	-2.78	22.14	-55.86	-21.84	-38.56
9.77003	61.72	-53.28	37.64	22.08	-3.06	23.5	-54.02	-21.86	-39.04
9.67823	62.42	-59.14	40.24	20.84	-3.0	23.96	-56.52	-20.12	-38.32
9.32111	60.38	-45.88	42.42	19.36	-3.1	1.94	-56.58	-22.98	-73.38
9.71482	55.22	-46.42	42.58	23.76	14.5	-0.16	-60.54	-16.24	-73.2
9.65578	57.26	-47.08	35.12	24.84	16.48	-0.04	-61.3	-17.96	-61.88
9.66178	56.86	-49.6	40.14	24.34	16.86	0.68	-58.0	-16.6	-61.94
9.850349999999999	54.96	-51.28	38.72	20.68	1.68	12.62	-63.04	-9.68	-59.54
9.27026	55.76	-52.68	42.18	17.98	5.06	-6.4	-64.42	-9.02	-74.46
9.785739999999999	58.78	-54.82	40.5	20.56	1.32	22.98	-66.02	-9.2	-44.38
9.88184	59.0	-56.9	36.1	18.94	-1.44	36.2	-60.12	-8.96	-29.22
9.5424	59.68	-54.36	34.2	18.14	-5.52	45.02	-56.62	-8.82	-13.4
9.46865	60.72	-58.28	33.62	17.5	-4.18	20.98	-34.54	-6.0	-12.74
9.61691	58.02	-56.28	31.14	17.98	-7.62	20.04	-55.84	-7.3	-10.9
9.42021	59.68	-55.44	32.88	16.46	-8.12	-7.56	-55.64	-9.06	-10.88
9.66405	57.96	-56.36	35.48	14.2	-4.08	-2.18	-54.98	-9.32	-11.84
9.50456	59.4	-57.8	41.64	13.52	-4.44	17.36	-59.72	-6.72	-14.32
9.7883	59.1	-56.66	42.06	12.96	-2.2	41.74	-58.9	-9.66	-16.0
9.66827	59.72	-56.92	43.9	11.48	-5.3	42.34	-59.64	-8.58	-17.06
9.21908	60.1	-56.54	45.96	11.5	-2.46	41.9	-61.96	-11.12	-16.06
9.81322	60.94	-58.1	47.0	11.1	-2.66	42.38	-62.2	-10.66	-15.92
9.772000000000002	60.58	-57.14	45.92	9.86	-1.98	42.6	-63.44	-11.46	-14.76
9.72754	60.52	-54.32	48.54	9.72	-0.34	46.68	-62.88	-9.66	-15.14
9.6388	60.18	-51.9	53.56	11.96	0.42	48.66	-61.6	-8.12	-24.42
9.60803	58.8	-54.3	53.76	12.6	-1.0	47.32	-63.34	-7.88	-25.9
9.27096	60.98	-56.04	50.38	10.9	0.12	44.18	-61.18	-6.92	-41.68
9.820050000000002	60.74	-55.84	49.54	13.7	-0.86	47.88	-66.24	-5.86	-14.04
9.80397	58.74	-56.0	47.96	14.14	-0.92	48.48	-52.24	-5.32	-10.74
9.822529999999999	57.64	-53.02	48.04	14.88	-0.76	46.38	-33.92	-6.82	-12.12
9.76563	58.32	-55.82	46.72	15.62	0.12	47.92	-16.38	-2.88	-12.42
9.49531	53.5	-52.8	45.78	15.42	-0.84	48.18	-35.58	-4.78	-12.6
9.39987	57.6	-50.8	47.36	13.34	0.16	48.04	-56.88	-6.34	-13.62
9.80493	57.68	-51.84	47.24	15.48	0.28	48.1	-57.36	-4.74	-14.12
9.78421	55.66	-51.98	43.8	13.48	-3.0	49.18	-76.32	-3.78	-11.92
9.672109999999998	54.36	-50.58	43.32	15.46	-1.74	40.04	-71.48	-5.42	-12.16
9.14036	58.42	-49.4	43.12	19.5	2.6	31.18	-74.08	-5.4	-16.96
9.6339	59.64	-51.7	42.54	20.3	4.28	31.92	-71.18	-5.14	-20.86
9.91897	61.0	-54.44	40.98	23.32	-0.32	38.8	-71.76	-6.88	-16.68
9.66393	60.96	-52.78	39.54	24.24	-2.74	40.54	-73.92	-6.52	-17.58
9.45705	57.62	-52.62	42.06	25.34	-0.2	30.82	-69.52	-4.92	-19.98
9.53204	62.52	-53.84	41.42	23.96	1.08	24.56	-79.76	-4.26	-24.84
9.6812	63.78	-56.74	45.36	22.0	5.66	19.12	-80.94	-6.02	-30.74
9.68969	63.68	-54.94	45.46	26.34	-5.92	25.02	-80.72	-7.58	-30.12
9.77225	67.32	-54.72	45.92	21.84	6.98	17.9	-84.08	-9.52	-31.22
9.84905	66.46	-46.56	43.62	23.24	6.48	18.44	-82.42	-11.48	-25.66
9.53454	70.66	-53.32	47.92	21.46	10.74	7.66	-87.52	-10.14	-23.78
9.77669	65.54	-53.24	47.66	26.64	10.5	12.02	-87.38	-10.8	-25.3
9.44548	69.12	-52.38	45.14	20.44	13.38	10.3	-82.56	-10.68	-25.58
9.89186	60.58	-55.78	46.98	21.5	8.18	15.58	-50.8	-10.76	-23.04
9.7226	59.36	-52.74	43.24	20.8	7.4	15.1	-82.06	-8.82	-25.36
9.324649999999998	60.42	-52.56	47.86	21.6	6.1	14.4	-82.12	-10.86	-25.44
9.65723	60.28	-55.88	47.26	23.08	8.3	15.04	-79.08	-16.06	-22.52
9.97021	60.22	-56.06	43.96	26.08	4.48	16.06	-64.58	-15.88	-23.78
9.99888	59.9	-56.76	47.62	28.16	9.46	17.36	-42.98	-18.26	-24.54
9.434610000000001	60.0	-57.46	40.46	31.62	10.76	15.54	-63.38	-17.26	-22.92
9.97805	60.5	-57.36	44.46	35.46	10.76	16.82	-44.3	-17.52	-22.36
9.861059999999998	60.74	-57.92	49.66	32.56	10.36	16.56	-4.0	-18.82	-21.7
9.79323	62.4	-57.52	40.36	29.38	11.14	16.14	-50.24	-15.8	-21.62
9.77938	63.18	-58.1	30.06	27.96	11.2	13.92	-48.84	-14.5	-21.58
9.583940000000002	63.12	-55.82	39.88	28.42	9.54	13.68	-23.14	-17.2	-22.26
9.53808	64.76	-58.1	45.64	28.16	11.02	14.7	-34.36	-16.26	-22.3
9.8423	64.72	-57.98	46.24	26.94	10.48	15.02	-47.1	-16.1	-24.62
9.62455	61.92	-54.4	52.44	30.8	8.78	14.58	-1.86	-18.14	-24.54
9.79639	59.08	-53.2	55.04	30.64	9.06	14.12	-2.12	-17.14	-24.16
9.620899999999999	61.14	-54.46	48.88	29.6	10.04	14.24	-21.14	-15.94	-25.26
9.80679	60.8	-58.0	40.34	24.46	12.3	-4.06	-64.86	-13.32	-22.22
9.590169999999999	66.7	-58.38	42.14	26.12	14.04	-4.46	-64.9	-11.96	-19.56
9.80849	64.24	-54.06	47.72	25.12	9.24	-6.78	-39.04	-12.94	-17.36
9.69437	66.96	-56.96	46.12	22.96	8.96	-24.68	-66.8	-13.8	-17.78
9.72777	66.56	-56.2	51.06	25.96	5.92	-46.28	-68.22	-14.08	-21.38
9.851320000000001	67.5	-63.0	49.34	21.4	4.58	-45.44	-68.9	-14.92	-22.06
9.415899999999999	58.9	-59.14	58.84	37.8	3.52	-27.38	-18.22	-14.4	-23.6
9.343399999999999	64.46	-58.68	59.62	37.74	4.72	-24.7	-17.92	-17.98	-22.8
9.80588	67.88	-58.9	56.62	29.7	2.46	-46.54	-45.76	-18.08	-23.1
9.90481	67.98	-58.82	57.62	28.62	3.66	-46.54	-43.82	-18.12	-22.86
9.826130000000001	73.6	-66.98	53.62	13.62	1.14	-88.96	-74.86	-19.44	-23.8
9.683	74.46	-67.76	55.6	17.24	-0.2	-89.28	-77.38	-11.92	-22.86
9.826519999999999	71.56	-67.12	57.54	14.6	-0.06	-88.7	-56.32	-15.74	-24.68
9.83438	70.5	-64.76	60.58	12.92	1.32	-85.74	-34.52	-15.62	-25.56
9.720289999999999	71.22	-67.12	59.66	12.8	0.16	-83.76	-12.38	-15.5	-25.62
9.9496	65.82	-65.22	58.72	12.42	0.96	-89.08	-35.34	-14.04	-28.3
9.443769999999999	69.56	-65.26	60.58	13.04	4.12	-89.44	-36.26	-14.12	-27.78
9.675419999999999	67.26	-66.92	60.0	13.46	-0.98	-87.74	-59.82	-12.88	-28.98
9.65531	66.38	-64.28	54.06	13.36	1.54	-87.98	-61.12	-12.1	-38.0
9.5957	66.36	-64.82	57.66	13.78	2.8	-88.64	-39.82	-11.62	-40.86
9.674299999999999	69.74	-64.3	56.92	14.78	1.68	-89.0	-39.86	-11.92	-41.92
9.812539999999998	67.34	-60.92	56.42	14.5	3.4	-86.12	-35.16	-8.44	-46.1
9.552139999999998	69.48	-63.48	61.94	13.76	4.62	-85.02	-10.22	-12.16	-55.68
9.53779	70.68	-63.28	59.68	12.32	3.1	-85.72	-14.48	-11.02	-55.2
9.672199999999998	71.14	-63.88	62.04	15.32	3.7	-86.46	-8.22	-10.88	-55.8
9.6729	71.3	-64.94	68.58	14.46	5.32	-88.82	13.14	-12.76	-58.16
9.82817	74.6	-65.22	69.46	16.08	5.56	-88.94	14.06	-13.94	-31.64
9.811169999999999	76.22	-64.84	67.34	15.78	5.78	-87.0	20.02	-14.74	-58.58
9.84671	76.32	-65.26	64.18	16.6	3.76	-83.0	24.12	-13.24	-55.9
9.59743	73.72	-65.2	69.86	14.48	3.74	-84.08	23.78	-12.94	-57.54
9.63765	70.64	-68.0	73.38	15.04	3.32	-86.98	11.96	-12.58	-57.46
9.204450000000001	71.16	-67.84	75.96	14.94	4.98	-87.42	10.18	-14.1	-58.48
9.620600000000001	71.62	-65.82	71.52	15.92	5.36	-86.08	9.96	-18.48	-58.26
9.61943	71.0	-66.56	72.38	15.38	6.56	-89.24	9.26	-21.72	-56.4
9.67122	72.02	-65.0	73.64	14.18	6.26	-87.02	13.84	-26.82	-50.88
9.853540000000002	70.9	-61.94	74.4	16.0	6.76	-86.44	13.38	-27.32	-47.96
9.71293	71.44	-66.9	73.26	11.32	6.28	-86.98	11.14	-28.22	-48.52
9.54083	70.56	-65.34	72.56	7.58	6.64	-86.16	18.52	-29.1	-50.54
9.565710000000001	71.76	-65.6	74.18	-0.64	7.5	-84.62	17.02	-28.28	-52.98
9.59065	67.8	-67.32	75.7	1.3	5.28	-84.7	17.02	-29.58	-53.64
9.36012	72.42	-66.84	81.18	-17.88	4.3	-84.98	9.82	-33.48	-57.32
9.416179999999999	70.7	-68.14	91.82	-24.8	5.28	-79.12	6.92	-32.72	-51.04
9.65667	69.76	-69.7	94.82	-27.3	4.24	-60.76	6.86	-31.26	-50.48
9.310220000000001	73.12	-67.16	99.18	-27.36	1.72	-64.62	2.8	-30.32	-48.54
9.80275	77.34	-70.5	98.42	-25.66	3.84	-79.46	3.22	-28.42	-46.2
9.656939999999999	75.84	-69.32	97.92	-25.96	4.48	-84.32	1.06	-28.1	-48.24
9.76474	77.26	-69.4	92.9	-26.18	3.92	-84.5	1.2	-26.76	-48.12
9.674540000000002	83.96	-67.6	78.94	-25.52	0.92	-82.26	4.86	-23.14	-56.62
9.53443	84.24	-72.44	97.78	-25.88	2.22	-79.02	3.16	-22.16	-54.02
9.654839999999998	81.72	-70.26	93.92	-25.2	-1.94	-84.78	5.58	-23.68	-54.08
9.463	81.74	-71.8	94.98	-28.3	-0.12	-85.66	4.64	-25.56	-56.6
9.698820000000001	80.52	-70.84	92.3	-25.82	1.16	-87.3	2.54	-23.78	-58.76
9.697189999999999	80.18	-73.86	99.08	-25.64	1.36	-86.86	0.42	-24.18	-56.5
9.71409	82.66	-75.14	93.24	-26.52	4.26	-91.88	1.78	-22.96	-57.32
9.72177	84.24	-74.62	94.26	-25.16	2.46	-85.04	3.66	-29.0	-59.32
9.76023	85.78	-74.04	89.84	-27.64	1.78	-88.18	10.74	-29.5	-60.5
9.741309999999999	85.32	-72.38	88.56	-22.52	1.04	-90.7	-1.86	-26.68	-61.42
9.75826	79.56	-74.88	89.82	-23.08	2.34	-81.7	0.54	-26.48	-65.78
9.6188	83.14	-72.66	89.5	-25.98	-2.84	-82.9	0.94	-25.02	-65.6
9.639890000000001	81.72	-73.3	83.44	-27.08	-1.48	-88.8	-0.46	-13.58	-47.78
9.40789	82.82	-68.82	80.58	-40.38	-1.72	-92.72	-0.38	-2.86	-47.3
9.40597	81.56	-69.4	77.68	-42.2	-0.06	-92.22	0.56	-1.74	-47.82
9.112219999999999	83.5	-73.24	83.42	-27.08	2.28	-95.68	0.38	2.34	-71.86
9.625409999999999	83.28	-68.9	83.74	-23.58	1.9	-89.14	0.26	21.46	-72.76
9.41621	82.84	-70.84	85.56	-22.68	3.82	-90.82	2.16	20.02	-71.78
9.550859999999998	84.1	-70.42	80.66	-23.16	3.46	-89.68	0.16	21.82	-71.08
9.50081	77.52	-69.68	83.56	-24.48	1.54	-92.68	0.78	21.4	-69.84
9.19661	71.48	-66.72	83.18	-26.1	8.08	-90.48	2.74	18.26	-69.52
9.32031	75.02	-66.6	80.88	-26.5	7.24	-91.78	4.74	16.9	-67.72
9.53422	71.52	-66.52	70.28	-28.62	7.7	-93.82	5.06	15.56	-44.3
9.38541	73.82	-67.84	70.82	-25.52	10.72	-92.2	0.38	16.18	-68.16
9.55736	72.92	-65.74	61.4	-23.4	7.48	-95.48	3.06	15.84	-69.0
9.43099	73.76	-66.08	68.84	-25.6	5.54	-100.0	3.42	15.9	-60.82
9.60418	73.88	-64.38	82.58	-27.48	5.92	-101.32	4.86	18.54	-57.66
9.45238	73.02	-63.2	84.82	-32.96	7.62	-102.56	5.3	15.14	-60.5
9.49121	72.92	-65.28	85.36	-30.3	5.72	-97.4	9.08	18.42	-64.4
9.37909	76.38	-68.48	85.98	-28.64	7.06	-100.08	7.04	18.78	-61.34
9.502849999999999	78.84	-70.28	87.18	-24.52	7.48	-91.18	8.0	18.88	-43.8
9.585609999999997	79.32	-69.76	87.2	-23.18	7.96	-64.46	7.96	21.46	-66.9
8.98744	79.52	-68.16	86.68	-23.56	5.8	-61.08	7.94	21.3	-66.96
9.0568	73.5	-69.28	85.2	-25.52	8.18	-64.56	10.58	21.18	-67.0
8.819840000000001	79.62	-69.46	86.88	-22.96	8.94	-64.48	9.26	24.8	-66.66
9.0969	77.5	-66.78	86.8	-23.7	8.1	-63.76	6.12	25.04	-63.94
8.71608	78.44	-64.92	82.28	-22.64	8.22	-62.7	5.74	22.1	-57.36
8.80972	79.22	-69.74	80.82	-24.5	7.8	-59.58	2.26	25.92	-61.28
9.03844	79.1	-69.76	81.02	-26.8	8.52	-60.68	1.98	26.16	-60.02
9.06272	75.52	-69.02	81.38	-24.64	7.42	-61.0	2.12	24.18	-55.76
8.759920000000001	79.32	-69.94	82.66	-24.18	6.04	-61.66	1.24	25.74	-58.4
9.055380000000001	78.16	-69.16	85.5	-23.66	5.24	-57.56	-0.26	32.92	-54.58
8.895019999999999	78.62	-70.4	89.02	-20.82	3.18	-56.26	1.16	26.7	-54.88
9.07866	79.98	-68.84	92.22	-22.44	3.82	-60.56	-5.04	20.34	-57.08
9.06748	74.0	-69.76	96.1	-22.3	0.4	-60.94	-7.66	19.94	-54.94
8.935640000000001	76.26	-67.9	91.7	-23.8	-1.9	-58.76	-12.06	22.2	-58.76
9.082480000000002	76.7	-68.26	94.1	-19.82	-0.28	-60.72	-12.52	23.88	-58.48
9.027239999999999	75.18	-66.36	98.76	-17.12	1.62	-62.12	-5.18	22.7	-61.2
9.0463	74.94	-65.54	92.12	-18.94	3.4	-60.88	-5.56	21.82	-61.14
8.911660000000001	72.3	-63.76	99.48	-16.96	6.64	-60.82	-6.54	20.46	-60.7
9.0498	66.48	-64.82	97.24	-17.24	6.86	-64.5	-6.44	16.74	-57.7
